0.9194766011160915
0.9005902508910463
0.8933301853178346
0.8754151700764609
0.871530062591075
0.8676488978843914
0.8624601324119299
0.8607348604535532
0.8487124660331091
0.8392006315536243
0.836039717956031
0.826020272148327
0.8218469991427853
0.8204941742632909
0.8151642595207412
0.8083477531359883
0.8003372101808103
0.789315633951336
0.7880143716963535
0.7822739226127885
0.7813841692791088
0.7637246886149484
0.7618869338688012
0.7561720042424196
0.7556331385004231
0.7538423243623299
0.7530840656925352
0.7498881849982696
0.7431527433845594
0.7383322422866282
0.7365173181942172
0.7334980913403941
0.731041893464387
0.7284648653161001
0.7280580883418567
0.7224673072188101
0.7176663430870929
0.7175299645310986
0.7147414217743372
0.7145267524732711
0.7142490672027493
0.7107595444311696
0.7090754896342149
0.7065830595195449
0.7058339889804109
0.7021143211756904
0.7019523131951355
0.6961443097519371
0.6931705489993044
0.6928919396269528
0.6916731381223354
0.6914742583784304
0.6912332312613444
0.688971900733261
0.6885648408102171
0.6874268688376974
0.6867185304038327
0.685291937790019
0.6841021268787272
0.6767356721793225
0.6762352031652878
0.6762195575402997
0.6755581988252369
0.6729259171706797
0.6728984024353154
0.6727844008298648
0.67248554631308
0.6714306293281521
0.6714306293281517
0.670125436019256
0.6679391663916691
0.6678916454036535
0.6671308492342418
0.6660952484442443
0.6630146453887726
0.6625956308337669
0.6618647142732416
0.6572730406763997
0.6541913252252745
0.6532364426453872
0.6499199335302756
0.6463368316907215
0.6458578558785208
0.6451325755222721
0.6436918905812007
0.6436097031586767
0.6399003438036245
0.6373158479121638
0.6360071854940009
0.6351374103294494
0.634274782724334
0.6315583900163177
0.631361520842063
0.6309089078464483
0.6300362926054343
0.6275671278835446
0.6272888967612926
0.6263141144825017
0.6257352794912567
0.6256380503134382
0.623249075410465
0.6230580711298092
0.6224337153464627
0.6223827198758005
0.6196910278517833
0.6192811397095841
0.6187171001354332
0.6174675457058456
0.616477233967319
0.6158891539879561
0.6155755680661805
0.6106056010224593
0.6102459586101319
0.6096041420462941
0.6072174239924277
0.6063674216182798
0.6057913584725345
0.6055992156533911
0.6053851666501249
0.6038540386550361
0.6033939426278665
0.6033939426278637
0.6017083097315511
0.6012113771378588
0.6000003083332548
0.5984686625045609
0.5982166915090206
0.5971368771060768
0.5965208630048056
0.5958420680012446
0.5951269444412678
0.5941172022421157
0.5933821702747722
0.5908986038230272
0.5908896512886311
0.5903836125774478
0.5893433040257597
0.5883011558717193
0.5882472014383068
0.5865405868309514
0.5863872440631702
0.5852720478546707
0.5841320826662416
0.5837515995695444
0.5824088684077555
0.5798646221317516
0.5792074067205975
0.5790338504785354
0.5773549774618728
0.5765343528359776
0.5761304886915825
0.575956005264292
0.5753219098904521
0.5724828905740325
0.5709608130160949
0.569197724872477
0.5685653964145184
0.5684351238268077
0.5661411573097292
0.5651872698495617
0.5638519309180383
0.5634295874375068
0.5632793445529489
0.5630820899300575
0.5628988630295849
0.5627531785783176
0.5627531785783176
0.5626544676797656
0.5622970833998698
0.5611481533427684
0.5588952674696749
0.557578066283098
0.5575685787416671
0.5565097034194465
0.5557439698278331
0.5543429443945306
0.5539133506244465
0.5538417192664359
0.5536315471502683
0.5530435968348246
0.5498924349361431
0.549430477858664
0.5492426968107996
0.5490837549955392
0.5483703584257645
0.5483462409828288
0.5481387871698188
0.5472115221740126
0.5458031330067643
0.5451533729144492
0.5445562689015685
0.5432140370056714
0.5428633437615769
0.5419904980716912
0.5406223265829835
0.5404265907595573
0.5399712307151185
0.5396919491710054
0.5396037249686114
0.5369404063767227
0.5368911435291134
0.5368911435291134
0.5367876768332149
0.5350899457100639
0.5343628168201822
0.5339171471305261
0.5337833736638863
0.533704084676145
0.5336446102042053
0.5328112705264398
0.5326176302001284
0.5326176302001284
0.5315438834188556
0.5308417937578009
0.5308019310439629
0.5302784551535173
0.5300689200471967
0.5288999905464171
0.5281493160082672
0.5273173238193467
0.5268255308923439
0.5266548015541117
0.5266196445253436
0.5251358871758797
0.5244050438353919
0.5239256626659914
0.5235317373378626
0.5231981842476139
0.5230313279336123
0.5224848801640098
0.5217553928806103
0.5207963901564578
0.519097312649564
0.5184855060655043
0.5179700087842923
0.517269948866162
0.5172699488661607
0.5168044214207176
0.5168044214207153
0.5164409162721346
0.5162052692485802
0.5157592946326803
0.5152205353050292
0.5134360427550827
0.5133175430471885
0.5127297923858141
0.5124408258521177
0.5122756289342691
0.5122394850067692
0.5115832874518108
0.5115367533227699
0.5110401256261596
0.5109935420335567
0.5105896395345277
0.5100869043604247
0.5100039313573935
0.5098794465361398
0.5098016280868474
0.5097964397678747
0.5096926622975851
0.5090487697657262
0.5086277224060813
0.5083000000000003
0.5071904178905586
0.5067521682242714
0.505607802550551
0.5055921083244882
0.5037472580570523
0.5026960314146109
0.5014316503771995
0.4997408328323799
0.4989939979598964
0.4988932751601276
0.49886676578020184
0.4971938253840243
0.4969969517009144
0.4968053240455456
0.49629395523217607
0.49546185524215747
0.49546185524215747
0.49543516225637446
0.49473529285871615
0.4945641818813817
0.49425924371730373
0.49394340768958384
0.4935737837446397
0.49347195462356364
0.49239341993978797
0.49222149485775174
0.4921408843004211
0.4917161172872004
0.49145785170246153
0.48966238368900367
0.4884292476910011
0.4882938459575337
0.4879036790187187
0.48747521988301973
0.48697577968519196
0.4867367358233796
0.4865628119780653
0.4861222891413235
0.48580116302865994
0.485305450206361
0.48512556106641164
0.48465098782526095
0.48364028988495134
0.4833558213159351
0.48212301334825386
0.48210655461215196
0.48179373179816504
0.48179373179816504
0.4808540423038986
0.4808320392819103
0.48078803021705846
0.48023757662223604
0.4799896665554382
0.4799896665554382
0.47998966655543784
0.4798408590355761
0.47948242929225143
0.4791623733140989
0.47854372840943055
0.47853820119192214
0.47840000000000144
0.4779408854659737
0.47785233074664385
0.47785233074664385
0.47769732048651886
0.4768605037115157
0.47677174832407887
0.47672736443380376
0.476522035167314
0.47632772331662837
0.4761055555231412
0.47600554618617985
0.47584993432804146
0.47518801542126493
0.47500986305549575
0.4745028767036077
0.47400650839413583
0.4738502400548096
0.47378325213118266
0.4736213255333852
0.4735152056692587
0.4724470975675477
0.47177479797038757
0.47138218040142327
0.47057910068340186
0.4703935798881625
0.4700673356020382
0.47001106369956935
0.47001106369956935
0.4698590959000368
0.4691097952505348
0.46882215178039754
0.4687318743162233
0.4678055258331186
0.4669509824381988
0.46631046524820735
0.46624239403983775
0.4662367209905302
0.4658791796163465
0.4652883514553106
0.4652883514553106
0.4651348406645106
0.4650438473950593
0.46387071474711644
0.46355699757419555
0.46322022840113547
0.46322022840113547
0.4631231477695745
0.4622084486462801
0.4619794908867708
0.46184206174838616
0.4615728111576766
0.46110267837001195
0.4604655144524934
0.4603678529176432
0.4599367456509646
0.45844487127679834
0.4579542007668445
0.45761330837291014
0.4568844492866865
0.4560558408791619
0.45558582067487646
0.4554232317306618
0.4544464764964064
0.454102950882286
0.45403887498759526
0.45366589027609233
0.4536192456234628
0.453380116458586
0.45331010357149465
0.45273208412923455
0.45164410767771346
0.45127500484737815
0.45127500484737787
0.4510815447344317
0.4509935808855828
0.45094079434001205
0.4508528030299904
0.4505241502960741
0.44982496595898225
0.4495897018393547
0.4495897018393547
0.4494484842559831
0.4493072222878226
0.44888316965553665
0.4488301349062908
0.44866509781796027
0.448523589123247
0.44850589739712554
0.44850000000000173
0.4483643384570181
0.44793939322189563
0.44793939322189563
0.4479098681654598
0.4479098681654596
0.44788624671896254
0.447389908245592
0.44738990824559055
0.44684566686944394
0.4467923902664388
0.44661475568995795
0.4465792202957959
0.4465792202957958
0.4462770552022581
0.4462711283513642
0.4461585032250338
0.4461585032250313
0.44504851420940567
0.4450485142094055
0.44478099105065216
0.4443823803887812
0.4442037820640421
0.4439953265519836
0.443905958509232
0.4437569717762192
0.44344095435581843
0.44337533760911896
0.44279629628080575
0.4422045341242004
0.4421387338833815
0.44209087301142364
0.44170181118034957
0.44146820950097987
0.4413723371485799
0.4412464730737229
0.44016616180710627
0.43982952379302637
0.4394143830144863
0.43941438301448543
0.4391253579560172
0.4391253579560166
0.4390831925728878
0.4388180602482085
0.4385708608651501
0.438245068426332
0.4382390329489126
0.438190746136885
0.43799754565522436
0.43799754565522325
0.4378525893494309
0.4378525893494309
0.43763506486569176
0.43763506486569176
0.43709683137721445
0.43709683137721267
0.4363276406555052
0.43598803882675635
0.43567245724282416
0.43523512036599155
0.43470608461350096
0.43460263459854953
0.43441392703273274
0.43421295466625615
0.43410938713646835
0.433944846725941
0.4337802439023699
0.4336826720080014
0.43332878971976974
0.43308456449058685
0.43304181091437155
0.4328951951685301
0.4322164504041921
0.4318184919616105
0.43164695064369585
0.4314998609501491
0.4312239325454911
0.4310398821454925
0.4309846516988734
0.4307329567144826
0.4305179787186572
0.43019838446930453
0.4297554769866229
0.4296015828648698
0.42960158286486555
0.42960158286486555
0.42936755815967426
0.42936755815967337
0.4293613978922629
0.4293121125707968
0.42902244696518826
0.4289731227011779
0.4286893980494515
0.42819551609049
0.42819551609049
0.42810284979196356
0.4278865503845608
0.4271441208772527
0.4270883866367715
0.4262701138949355
0.4262142653642653
0.4260404675614739
0.42600321595030194
0.42549999999999955
0.4254502673638813
0.42542539886565284
0.4252201782606268
0.425176633882908
0.42482811818428423
0.4248094396314656
0.4246039213196221
0.42455408371608117
0.4245042402615109
0.42395557550290625
0.42385574196889236
0.42385574196889236
0.42385574196889236
0.42366224755104126
0.4235810784253713
0.4235061392707319
0.423462418639482
0.4233249815449124
0.4233249815449124
0.42325624626223823
0.4232062499538507
0.4228498551495542
0.4228310892070246
0.42196068537246395
0.4218039473499503
0.42164715106353823
0.42090628410609476
0.4206234063862831
0.42039067544368997
0.41998780934688873
0.419798832775891
0.41974212321376486
0.41974212321376386
0.4194332366420207
0.41923139195437126
0.4186379103712418
0.41863159221444485
0.4186063186336314
0.41799929425777993
0.41779042593147164
0.41772711188047124
0.4176131223991881
0.41737237570304003
0.41676355406873083
0.4166112096427563
0.416401645049584
0.41617290877710905
0.4157468701024687
0.41573414581917534
0.41573414581917534
0.4151229215545683
0.41456822116510555
0.41412775806506663
0.41392971625627495
0.41391054589125714
0.4138594205766011
0.4138018970473656
0.41377632846744616
0.4137443655205489
0.41364846186103477
0.41339900822329345
0.41314300187707403
0.4131301973954447
0.41309178156918047
0.41308537858413724
0.41290605469041014
0.41288043063337315
0.4126241025437072
0.4126241025437072
0.4125920503354347
0.412110968065641
0.412110968065641
0.41210454984142303
0.41169357536886525
0.410954072859728
0.410638575879081
0.410490401836634
0.410161651059678
0.40953565168371003
0.40950335773959246
0.40940646062317865
0.40940000000000004
0.40919320619971433
0.4089410348693312
0.40876636358682966
0.4083714608049883
0.4083714608049883
0.40813822413491246
0.40788540057226863
0.4077491998765917
0.4077491998765909
0.4076973019287725
0.40761944261774335
0.40746367936296063
0.4072623969874945
0.4071064971232966
0.4065994097388755
0.4059744326925019
0.40595488665614077
0.4056420219849038
0.4055442022763981
0.40551159046320884
0.40551159046320817
0.4055115904632075
0.40527018148390875
0.4050612793146238
0.4048588025472601
0.40439468344675444
0.40409370200486994
0.4037597429165007
0.40368112415618124
0.4034517319333257
0.40338616733844485
0.40284156935450455
0.4027365019463717
0.40255913851259156
0.4023356807443247
0.4022107532127903
0.4021844477351142
0.40192787910270683
0.4006491732176666
0.39941273139447947
0.39930676177595575
0.39891575551737835
0.3987433259629554
0.39874332596295536
0.39870352393727276
0.3986172725811047
0.39839824296801263
0.3980063441705423
0.3974809932562815
0.39742109908760487
0.3972147278236296
0.39716145331589986
0.3970415595375372
0.39664832030401903
0.3965883003821465
0.3965616219454442
0.3965616219454442
0.3960410332276192
0.3959274807335303
0.39562674328209907
0.3951718613464293
0.39498440475542723
0.3946159272001068
0.39426723170966155
0.39405920874914313
0.39397194062521756
0.39383764421395884
0.39334707320634954
0.3929232113276063
0.39272794654824345
0.3920336337611848
0.3919796550842914
0.39167588641630613
0.3911690810889833
0.39100000000000024
0.39024839525614957
0.3902280615230022
0.3901128170157972
0.39006535349861277
0.39006535349861277
0.38995006090523815
0.38984151908179326
0.38913525926083853
0.3891080698212269
0.38897209411473005
0.3885638814918327
0.38848899598315556
0.38843452472714146
0.38825744036656756
0.3879439392489561
0.38772570201109985
0.38772570201109946
0.3877188801180542
0.38758241704184715
0.38741177060073906
0.38741177060073895
0.387398115638164
0.38738446019426237
0.3871932334119472
0.3871249152405461
0.3871249152405461
0.3868993796841754
0.3866805529115736
0.3865779352213454
0.38575601097066553
0.3854473375183699
0.38535811915671175
0.3852551492193197
0.3851178131429381
0.38509034005022635
0.3849529451764202
0.3849254603166708
0.3847605099279295
0.38476050992792943
0.38476050992792943
0.38476050992792943
0.3845611004768948
0.38429276600009016
0.3841619710486734
0.3841619710486715
0.38393469496777743
0.3835004302474775
0.38338316342792145
0.3827202764422066
0.3826926312329505
0.38261659660814384
0.3822777131876777
0.3822777131876766
0.3822777131876766
0.38219467552544334
0.38213930705961263
0.3820562393156278
0.38169607019198154
0.38155745307882555
0.3815574530788253
0.38146732494409225
0.38144652311955807
0.38144652311955807
0.3813424969761405
0.3812176281338503
0.38119681268342076
0.3810649550929606
0.3810649550929606
0.38057876977046257
0.38056486963459973
0.3804675544642412
0.3804675544642412
0.3802867602218098
0.38019633086078053
0.3800641261682017
0.3800641261682017
0.379841361623506
0.3792211096444941
0.3790536769377117
0.37877445795618286
0.3787744579561827
0.3784880447253255
0.37820840815613865
0.3779005689331518
0.3777115433766868
0.37771154337668505
0.37756445807305655
0.3775434412090864
0.3774873905178833
0.377200000000002
0.37715792448256885
0.3770948024038527
0.37701062319250217
0.37701062319250217
0.37633651164881704
0.3760201058454181
0.37592161416976405
0.3757667893787314
0.3754710374982342
0.3754358134222151
0.3754005860410981
0.37515390175233365
0.3748647222665803
0.37441287371029214
0.37441287371029197
0.37419381341759284
0.3738472950283316
0.3737128443069643
0.3734933734351928
0.37323125539000496
0.3730327733591245
0.372571603856225
0.3724650990361401
0.3724153863631297
0.3723585637527344
0.37212407876943454
0.37212407876943454
0.3720743205328721
0.37190367032337657
0.3716973634558097
0.3716688983490559
0.37156213477694466
0.3713200236992344
0.37122028500608695
0.3710064689462987
0.37077826257751606
0.37061415245508256
0.3705856041456549
0.36989263307073394
0.36972812984678244
0.36950629223329917
0.36926999607333677
0.3692699960733339
0.3691840326991412
0.3690335486104231
0.36871804946327214
0.3687180494632716
0.36828738778296755
0.36806468181557295
0.368
0.3676332547526129
0.3675756928851515
0.3675756928851515
0.36755410486076884
0.36755410486076634
0.3674605420994195
0.36731655285325654
0.3672589413479267
0.3669202910715082
0.3668626173378807
0.36680493453605517
0.3667400305393458
0.3666751150541859
0.36667511505418526
0.3665957582951577
0.3665741125611579
0.3662492730368226
0.365989193829544
0.36584462549011276
0.3657650885472795
0.36575062542667
0.3657506254266697
0.3655336099457862
0.36522957163953745
0.3651499007257147
0.36503398471923343
0.36503398471923343
0.36494702355273323
0.3646279885033515
0.3642796316018781
0.3636619309193631
0.36356009131916583
0.3634072784081229
0.36303589354222016
0.36297031559068366
0.3629047257890147
0.3629047257890147
0.36267871456703965
0.3625547131123798
0.3623941776574239
0.36239417765742166
0.3623576824078662
0.362240872900892
0.3621021126698937
0.3621021126698937
0.3619852206927786
0.3615758011814411
0.3615684859055054
0.36150995836905975
0.36148069104725394
0.3614806910472537
0.36145873900073355
0.36124646711075153
0.3611073247664745
0.3610413965184605
0.3606895756741509
0.36033741132444336
0.3601538560115677
0.3600436779058905
0.359426056373213
0.35919049263587116
0.3589842475652664
0.3589179293376138
0.3588294859679163
0.3583278945323682
0.35812853837693504
0.358032512490137
0.3580103490124268
0.35801034901242385
0.357988184162551
0.357988184162551
0.35792907118589995
0.35777385315307836
0.35777385315307836
0.3577738531530768
0.3576555465807837
0.3574558154513642
0.3570337939187273
0.357004159639631
0.3569226526854254
0.3565667679411535
0.35652967618418574
0.3563886923009743
0.3562031021762716
0.35587622848400763
0.3553704686661521
0.35494596771903053
0.35466268481474106
0.35446872922727485
0.3542970646223291
0.35426720141723694
0.3542074674537517
0.3542074674537505
0.3540580884544238
0.3540580884544238
0.3540506178500485
0.35390864640469094
0.35390864640469094
0.35384137689083306
0.3537516643070384
0.35372175505614556
0.3535871321188039
0.35351231944587125
0.35351231944587125
0.3534674242416123
0.3533701317315872
0.3532802994790413
0.35322039861820065
0.3532203986181974
0.3531904443781004
0.35232066360064734
0.3522681081222089
0.35202775458761676
0.35165939486952313
0.35154655452727657
0.3515089330301587
0.35148635819900476
0.3510571605878447
0.3510044159266389
0.35066515367227585
0.35051426504494837
0.3505142650449476
0.3502198452400983
0.34997052733051826
0.34987982222471725
0.3498495819634505
0.34975884549214664
0.3497210316809668
0.34955460231557806
0.34955460231557633
0.34955460231557633
0.34926694661819946
0.3492442268671028
0.34911545368258995
0.34911545368258995
0.3487591862589437
0.3487591862589437
0.3486985087435842
0.34869092331174817
0.34839496265015
0.3483645934936546
0.34829625320982155
0.34828106465899145
0.3482658754457585
0.3482203038307797
0.3480531568596941
0.3476729785301133
0.3475740640496647
0.3475740640496647
0.3471705056596832
0.3471705056596832
0.3468732477433228
0.34675884992310974
0.3466596746089736
0.34650704177548736
0.3464154297949183
0.3463848870837177
0.3463467049070915
0.3463161561348246
0.3463161561348246
0.3461022392299697
0.34601816426309095
0.34592642281271546
0.345865248326571
0.345865248326571
0.34582700877750927
0.34582700877750927
0.34577346630416883
0.34577346630416883
0.3456816599126999
0.3456816599126999
0.3454750063318627
0.34512264486700883
0.34512264486700844
0.34512264486700844
0.3450000000000003
0.34480060904818693
0.3448006090481863
0.3447852665065609
0.34475457937495163
0.3446164534667499
0.3446164534667499
0.344432199423921
0.344363078741028
0.3443016264846866
0.34387884494397075
0.34362492633684166
0.3433477100549809
0.34279260493773955
0.3427694560488135
0.342576487809657
0.3423602342562588
0.342143844018857
0.342143844018857
0.3421438440188561
0.34195825768652083
0.34179578698398233
0.3416796891827191
0.3415945257172607
0.3415248307224537
0.3413389078320839
0.34133890783208176
0.3412459084003793
0.3412459084003793
0.3411218697181386
0.34102881109959193
0.34096675791050457
0.3409124521046429
0.340834857372306
0.34078053054715474
0.34068737869196153
0.3406796148876536
0.34067961488765347
0.34053983614255695
0.34043107966224306
0.3404310796622413
0.3401668120202197
0.3399412449232947
0.33975445545275856
0.33972331388940546
0.3396610221971302
0.3395909303853683
0.3395909303853671
0.3395909303853671
0.3395441944725328
0.33950524296393597
0.3395052429639346
0.33927923602837795
0.3392324571735448
0.3392324571735448
0.3391622767938672
0.3388423822369337
0.3388423822369331
0.3388423822369325
0.3384205962999302
0.3383815154526054
0.338279884119643
0.3381704008336633
0.33809999999999985
0.3379435011950972
0.3378495671153085
0.3378495671153085
0.3377869298833208
0.3376694537561854
0.33756760804318975
0.33756760804318753
0.336979435574338
0.33668889200566066
0.33658674959065055
0.3365395964816036
0.3364767153905312
0.3364374087404658
0.33578424620580494
0.33578424620580477
0.33578424620580366
0.33549266758008334
0.3354217047240676
0.3354217047240676
0.3350192979516234
0.3349245437408247
0.3347033462635248
0.334703346263524
0.3345452585226703
0.33450572491364017
0.3344582784145141
0.3344503700102597
0.33441873452305376
0.3342842503020445
0.3340072005211856
0.33388839452727215
0.3338804726245609
0.3338804726245609
0.33388047262456055
0.3337853951268697
0.33378539512686617
0.33369821695657886
0.3332778570502407
0.33312703282681905
0.3328092847262539
0.3327615963418881
0.3326741498824343
0.3325469139835772
0.33204544869640984
0.33191797179423826
0.33191000286222105
0.3318143607501072
0.3318143607501072
0.33159108854129254
0.33155918023785813
0.33155918023785813
0.33143151630465234
0.33123194290406277
0.3310242589297643
0.33069649227048004
0.33063249991493565
0.33063249991493565
0.33049647501902274
0.33049647501902274
0.33044845286367985
0.3302482853854057
0.33024828538540446
0.33020823732911214
0.33020823732911214
0.33018420616377103
0.33015216188902885
0.3298315479149915
0.32976738771443215
0.32951062198357317
0.3295106219835708
0.32940625373541454
0.32935807262006
0.32935807262005967
0.32935807262005967
0.3292134869655242
0.32912509779717264
0.32896432937325926
0.3286747480412803
0.32852181053927093
0.3284171280551609
0.3282560128923771
0.3275057862084297
0.3275057862084262
0.3274250143162548
0.3273846208971948
0.3273765416153082
0.32725532845165684
0.32722299735807003
0.32715832558564006
0.32715832558564006
0.32660809849114225
0.3266080984911413
0.326583802415243
0.32630832045781544
0.3261299434274602
0.3260650548586923
0.3258703116271848
0.32547234905595374
0.32547234905595235
0.32547234905595235
0.32513898566612975
0.32481342336793895
0.32475641641082276
0.3247564164108218
0.3246505197901277
0.3246505197901271
0.3243652416643957
0.3240470644829215
0.32384294032755956
0.32374491501797953
0.3236059950000918
0.32338523466602564
0.3233852346660244
0.3233852346660244
0.3233443365825361
0.32306609230929767
0.32298421014037104
0.32298421014037104
0.3227958023271054
0.32267286839769893
0.3224760766320509
0.3224268599233027
0.32220529170080425
0.3220821323824091
0.3220821323824091
0.3220328554666425
0.32203285546664223
0.322008214180943
0.3220000000000006
0.3218767621310995
0.32135041621258326
0.32135041621258326
0.32105396742603914
0.3208891553169109
0.32075724465707667
0.32042723042837706
0.32022905864396756
0.3201712354350383
0.32012992674849966
0.3198240766421447
0.3197330918125314
0.31970827327424706
0.31923635444604415
0.31902915227295725
0.3190291522729546
0.3190291522729533
0.3187803318901582
0.3185811356624867
0.3185396207695393
0.3184648803243451
0.3183735070636371
0.3181408021615586
0.3179328859995447
0.31791624683240044
0.317766455120736
0.3177081837158114
0.3174333315831838
0.31740833322393913
0.31724162715507326
0.31723328955202634
0.31723328955202573
0.3171665808372655
0.3171332212178342
0.3170080913793847
0.3169079519355747
0.3167409825077895
0.3165154340628583
0.3165070773300325
0.3165070773300325
0.31646529035583
0.316339896314075
0.31630644950743675
0.31592992893994615
0.31573731170072483
0.3156367690875054
0.3155110457654367
0.3153684987439289
0.3153097841805731
0.3151251814755533
0.31503283955803923
0.3148564752391165
0.3148564752391153
0.3147556512598301
0.3146884173273621
0.31445298535711125
0.31436885978099177
0.3141921227529441
0.3140152862521179
0.3137624897912445
0.3137203372432201
0.3137203372432198
0.3133407091330465
0.31308736799813697
0.3128760936856627
0.31287609368566266
0.31283382170091456
0.3128000000000013
0.3128000000000013
0.3127999999999989
0.3127999999999989
0.31267313603826064
0.3126054542070556
0.31239385397283614
0.31206347110804206
0.3119956570210551
0.31158846255919004
0.3113846656468465
0.3113506865256605
0.31135068652565995
0.3112572248157467
0.3112487269050257
0.31114673387326397
0.31097667115074684
0.31097667115074684
0.31096816557326135
0.31094264744482997
0.31087458886181063
0.310840553982262
0.3107724730409706
0.3107724730409699
0.3107128899804458
0.31063626639528213
0.31053407220464485
0.3101590720904369
0.310124958686014
0.31011642974857073
0.3098519162438726
0.30984337979050053
0.3096213493930947
0.30962134939309444
0.30962134939309444
0.3094333530826964
0.3094333530826946
0.3092623481770807
0.3092623481770807
0.3088943670577368
0.3083801712172815
0.3083458610067594
0.3082000000000029
0.3082000000000029
0.3080454836546072
0.30796819640995376
0.30789948035032494
0.30789948035032494
0.3078393412155109
0.3075642697063507
0.30756426970634754
0.30748686150793575
0.30741803785724675
0.30694445751633787
0.3068582734749062
0.30685827347490496
0.30683241354198526
0.30676344306321884
0.30676344306321707
0.30673757513549077
0.30665995825996073
0.30634929410723394
0.3063492941072323
0.3062111199809698
0.306116089090397
0.306116089090397
0.306116089090397
0.3060383145947577
0.30597780965292354
0.30597780965292354
0.3059345845111335
0.305856763861779
0.30582217055014466
0.3055193119918938
0.30530280051122954
0.30510347425094997
0.3050687955199606
0.3050254415618505
0.3049994262289683
0.3049994262289683
0.3049994262289683
0.30485196407436777
0.30479122362692934
0.304713110974897
0.304713110974897
0.3046523428434464
0.30454814069371816
0.3045220845850082
0.30445259072637376
0.30431355539968946
0.30430486358256004
0.3040265942314913
0.3040265942314904
0.3038264307133265
0.30364355748146477
0.30347800579284306
0.30326875869433156
0.3031902538011403
0.3030593671213605
0.3026925833250635
0.30262266934253335
0.30257022325404026
0.30256148135544275
0.30251776807321673
0.3023865903111439
0.3023778431036241
0.3021503268242496
0.3021415727767388
0.3021415727767388
0.30186130921335197
0.3015895555220703
0.30158955552206873
0.3014404252916333
0.3014053251022613
0.30139654941621324
0.3013789972775158
0.30136144411652865
0.30079920212660055
0.3007728212455372
0.3006760715454435
0.3006760715454435
0.3006760715454433
0.3006760715454422
0.3006760715454422
0.3005352891092829
0.3004912810715174
0.3004912810715141
0.3003504120190265
0.3002711441347631
0.29990095031526803
0.29990095031526803
0.2998303853848037
0.2996892056781474
0.2995744481760729
0.2995744481760729
0.2994331477976339
0.29939781228325624
0.2993359650960772
0.2993271287404467
0.29924758979814786
0.29922107211892623
0.29918571155722123
0.29918571155722123
0.2990353825218685
0.29900884602299105
0.2989999999999994
0.29871678894899706
0.29869907934240564
0.2986548007315468
0.298335800734677
0.298202783353878
0.2977767284392787
0.2977767284392787
0.2977056600066596
0.29756347222063234
0.2971365006188218
0.2971365006188218
0.296976228004869
0.2967089145947594
0.2966375903354136
0.29644136013721023
0.2964145914087226
0.296298565639458
0.29623607140252173
0.29615570229188515
0.29609317790182305
0.2960217052852683
0.2960127699948105
0.2960127699948104
0.29569091971178413
0.29555671198604166
0.2954493019115098
0.2952970707609557
0.2951268371395579
0.29497443957061725
0.2947681292134548
0.2946963352334068
0.29469633523340527
0.2946245237586304
0.2944089842379148
0.2944089842379133
0.29440898423791306
0.294408984237912
0.2942921677517082
0.2942921677517082
0.293626327157496
0.293626327157496
0.29340103953462693
0.29332891095151187
0.29322068480924024
0.2931936220315851
0.29307632111789583
0.2927602773601629
0.2927602773601629
0.2927422074112311
0.29267895380433623
0.29261568652414893
0.2925433643069003
0.2924258025551105
0.2923172420504798
0.2922086412137754
0.2922086412137715
0.2921090549777596
0.2918463465592808
0.29166503047159964
0.29148360159706954
0.2912384933349299
0.29115674472696207
0.29111131891426
0.29111131891425907
0.291020446017114
0.291020446017114
0.2909295447354915
0.29090226881205306
0.290865896935341
0.290865896935341
0.2906839692862333
0.2906566703174038
0.29046550569731966
0.29038353947839535
0.2903562122634902
0.290146618108846
0.2900280848469675
0.28991862651440664
0.28963566769305193
0.28963566769305193
0.2895077891870971
0.2894895162177709
0.28918784552605287
0.2890506184044583
0.28904146761321287
0.2889774039609341
0.28895909745152487
0.288858390911533
0.288858390911533
0.2887393288071447
0.2884185326916417
0.28841853269164003
0.2882350603240327
0.28818917398125754
0.28807901693806165
0.2880790169380613
0.28805147109501195
0.28797800263214407
0.2879045154213457
0.2877299080735262
0.28772071527785414
0.287573590581611
0.28750919985280615
0.28750919985280615
0.2875
0.2875
0.28749999999999787
0.28728832207383587
0.28728832207383426
0.2867261585555105
0.28669848273054954
0.28662466746600757
0.28661543922126675
0.28656929353997385
0.28643081189006087
0.2863107402805561
0.2863107402805561
0.2862830242958877
0.28625530562768603
0.2859502229409862
0.28583920304954646
0.28583920304954646
0.2856540740126067
0.28554293897765987
0.2852834555315113
0.28523709436186484
0.28514434940920885
0.28512579679853584
0.28483807680856077
0.2847266232722199
0.2846522966708695
0.28454077036516234
0.28449428816761857
0.2844756931620008
0.28447569316200005
0.28424315295183594
0.28417800759383155
0.2840290478102561
0.2839824818540735
0.2838334194558506
0.2837495374445576
0.28372157126309794
0.2837215712630941
0.28363765617421105
0.2836096789603628
0.2836096789603628
0.28328307397371977
0.2832830739737192
0.2832830739737192
0.28323638537447987
0.28313364335592617
0.28305889846461146
0.28305889846461146
0.283049553965376
0.2830028268410052
0.2830028268410049
0.28300282684100264
0.2829841338308542
0.28297478686271693
0.2824414983673611
0.28240403679834286
0.2819259654590164
0.28173826506174116
0.281738265061741
0.2815504395308232
0.281541044965028
0.281541044965028
0.2814846709858268
0.2814752742249306
0.2814752742249283
0.2813624886156653
0.2812026315666334
0.281061505724281
0.281061505724281
0.281061505724281
0.2810238601969591
0.2809391393166852
0.28080730047489877
0.2808073004748987
0.2807507791618753
0.2806848232448627
0.2806565516783801
0.2806094260711851
0.28059999999999974
0.2802321359159225
0.2802321359159225
0.2802321359159219
0.2802321359159203
0.2801566169127526
0.2800433002233763
0.2799015898490037
0.27980707639371744
0.27980707639371744
0.2797787161311598
0.27969361808950993
0.27969361808950993
0.27947602759449697
0.27943816847381464
0.27942870289216903
0.27942870289216903
0.27922037891242696
0.2789076011872019
0.2788412092930329
0.2788412092930329
0.27884120929302975
0.27841402622712824
0.27841402622712824
0.2783855240489334
0.2783855240489331
0.2781859270344208
0.27814789231629994
0.2775386279421296
0.2774147076129899
0.2773098086977814
0.2773098086977814
0.2772716537982202
0.27716670074163097
0.2771571575839238
0.2769566753122227
0.2768133847919928
0.27677516145781544
0.27647875144394024
0.2764787514439393
0.27638306749871655
0.27615329076438666
0.2761532907643862
0.2759329085121963
0.27581785656479907
0.27570275660573085
0.2756931627734002
0.2756643792730575
0.2756643792730575
0.2756643792730572
0.27558760857484027
0.2755780107338031
0.27555881404883686
0.27466468648153675
0.27466468648153497
0.2746261640849249
0.2745394689293324
0.2745394689293324
0.27434671494297186
0.2742792190451185
0.2741634731323644
0.27393183458663767
0.2737000000000016
0.2737000000000003
0.2735840090356159
0.27341960427152984
0.27340025603499296
0.273264780021137
0.2730420663560833
0.2729645581389645
0.2727997800585622
0.2727997800585622
0.2727803878580727
0.2724893392410068
0.27226599126589407
0.2721785443417589
0.27211051063860026
0.27187712298021566
0.27182847532957277
0.27164353480250886
0.27160458390829867
0.2716045839082974
0.27138050777459927
0.27129277542905583
0.27129277542905583
0.27129277542905583
0.27129277542905583
0.27122451954054627
0.2712245195405446
0.2711464917715133
0.27101964873418183
0.2709025101397183
0.2707560156303107
0.2705801175252907
0.2705507900561374
0.27047256792510427
0.27019861213559304
0.2701986121355897
0.2701986121355897
0.2698753786472575
0.2698459745855031
0.26972832628405924
0.26956156996129976
0.26956156996129976
0.26956156996129976
0.26956156996129554
0.2694143463143716
0.26934561440647375
0.26920809794655104
0.2691000000000003
0.2691000000000003
0.2689426890621868
0.26890334694830387
0.2689033469483031
0.26879512644391484
0.26874592089927685
0.26874592089927646
0.2687459208992762
0.2687459208992762
0.2686671732832267
0.268588402579115
0.26858840257911437
0.26858840257911437
0.2685884025791139
0.2685588576085342
0.26855885760853127
0.2683913746751214
0.2683913746751189
0.26839137467511637
0.26839137467511637
0.2681942020253237
0.26808569525433423
0.2679475321774771
0.2679475321774771
0.2679475321774767
0.26790804392552287
0.26772039518871366
0.26772039518871205
0.26769075441635864
0.2676314630233153
0.2676018124004394
0.26743373010897237
0.26736448904071014
0.26728533442746155
0.2670477298162259
0.26700810849110934
0.2669288481974173
0.26652226923842626
0.26650242025167464
0.26645279131583527
0.2664130815106495
0.2662541830657326
0.2660951897348018
0.26588636670577936
0.265697290163073
0.26546822785410573
0.26544830005106446
0.26537854095612134
0.2653685738741509
0.26536857387414897
0.2650893434297202
0.26488971289953833
0.2648597553423324
0.264859755342332
0.264859755342332
0.26476986233331007
0.2647398912139993
0.2647398912139993
0.26437997276647146
0.26437997276647146
0.2640596334163911
0.2640195636690565
0.26396946793142345
0.2639394059249224
0.2639394059249208
0.263869247924044
0.26365866190967474
0.2636586619096741
0.263457947308487
0.26341778603579563
0.26329726546244425
0.26312643348778236
0.2630962751541728
0.2630962751541728
0.2630962751541728
0.26297560723382585
0.26285488391886536
0.2627441721523052
0.26269383319750766
0.26269383319750766
0.26269383319750766
0.2626132707994779
0.26256290674807814
0.26245207181502944
0.26245207181502944
0.26224034777280203
0.2620890115972029
0.26193758798614813
0.2619375879861464
0.26188709399281385
0.26184669178738795
0.2618466917873873
0.2618365902619416
0.26164458717886785
0.2615131354253541
0.26136137817206095
0.26136137817206095
0.2611183831138664
0.26096639630419893
0.2607230331213569
0.2605809663041423
0.260580966304141
0.26050990384244543
0.2605099038424446
0.26042866585688956
0.260418509326814
0.2603981950782289
0.2602356240025562
0.26021529547664946
0.26015430036807
0.2599
0.2597371171011199
0.2596046994952131
0.25925805676969704
0.2591662207927573
0.2590743522620494
0.2590743522620489
0.2590743522620484
0.2590130884723784
0.25901308847237714
0.25901308847237714
0.25899266398876997
0.25895181018869123
0.2588394289902534
0.25871677564471823
0.25862474746241937
0.25862474746241937
0.25862474746241904
0.2586247474624166
0.2585224555043531
0.25843035812380666
0.25827678951079014
0.2582767895107883
0.2581846044984097
0.25810263462429056
0.2579693780277036
0.25793861672886614
0.2576102676525163
0.25761026765251427
0.25756919458661975
0.2572917798920132
0.2572917798920132
0.25720952548457626
0.25720952548457626
0.2572095254845749
0.2571478174124758
0.2571478174124755
0.25711695782269967
0.2567875581098108
0.2567875581098108
0.25678755810981013
0.25661239253005685
0.25661239253005685
0.25661239253005685
0.25649898635277335
0.25646804869222883
0.2562204129260591
0.2562204129260591
0.25622041292605735
0.2561274877868431
0.2560035351318418
0.25600353513183977
0.25596220424117344
0.2559622042411731
0.2559622042411731
0.2558795224319464
0.2558795224319435
0.25580715392654674
0.255589925466557
0.25546571198499446
0.25546571198499446
0.25546571198499435
0.25546571198499246
0.2553414380785067
0.2553414380785045
0.25531036015015324
0.25531036015014963
0.2550408594715757
0.2550408594715757
0.25488524869046286
0.2547606916304005
0.25466723385626183
0.2545945207580073
0.2545945207580073
0.2545529610906137
0.2543866545241694
0.2540953561165554
0.2540433033953074
0.2539704116624608
0.25388708119949693
0.25338652292495567
0.2533760841121357
0.25331344220155294
0.2532612287737703
0.25326122877376905
0.2531672174670336
0.25296863441936873
0.2528431331873584
0.25275943108022647
0.25275943108022647
0.2527175696306058
0.2526233560065275
0.2526233560065261
0.2525081582840421
0.2523405040812912
0.25213077955696217
0.25213077955696217
0.25213077955695834
0.25213077955695834
0.2520048610642268
0.2519943650163635
0.2519943650163635
0.2519733716089876
0.25180536134085696
0.25180536134085696
0.2515846775938486
0.2511637911801781
0.251079529233271
0.251079529233271
0.25071055023672106
0.2507105502367204
0.2506472421551867
0.2504889019497676
0.2504889019497676
0.2504889019497676
0.25048890194976603
0.25045722189627423
0.2502670573607318
0.2502670573607318
0.25026705736072874
0.2501190516534066
0.24998153931840544
0.2499709583131609
0.24994979495890984
0.2497804235723868
0.24960034054464
0.24955794918214882
0.24955794918214882
0.2494731448472966
0.24933527628476626
0.24909116804897002
0.2490805492205284
0.24899558229012828
0.2489637122152547
0.24895308795031948
0.24892121243477883
0.24892121243477883
0.24892121243477852
0.24892121243477852
0.24883619109767813
0.24883619109767813
0.24876177359071927
0.24866606121463403
0.2485809526090048
0.24844258894159002
0.24844258894158958
0.24832545177649484
0.2481976027281488
0.24816563017468782
0.24816563017468707
0.24810167270697725
0.24773893517168344
0.24773893517168344
0.2477175811281887
0.2477175811281858
0.24768554661102005
0.24768554661102005
0.24739704929525733
0.2473435869393025
0.24717242969230857
0.24707610163672306
0.2470546903015604
0.2469690263980484
0.2469690263980484
0.24687261897585996
0.2468726189758578
0.24657244371583836
0.24636854507018388
0.24636854507018388
0.2462719025792429
0.24622893818558672
0.24622893818558306
0.24622893818558306
0.24571277948043369
0.24533572915497004
0.24522789400881778
0.2451955342170804
0.24480688307316678
0.24455825481876414
0.24455825481876414
0.24449335369289715
0.24449335369289538
0.24449335369289538
0.2444933536928938
0.24419025369576097
0.24403856252650136
0.24389762196462708
0.24384339236485394
0.24377830092114489
0.24377830092114489
0.24368063115479716
0.24368063115479546
0.243452582652146
0.24337651899885407
0.2433439130120168
0.2433439130120168
0.24324606882743047
0.24311554865948068
0.24311554865948068
0.24307202636255845
0.24299584358585122
0.24288696959697284
0.24250552571023945
0.2424618939132502
0.24233095138673272
0.24221085855097318
0.2421016315517107
0.24189396437282032
0.2417736544787316
0.24177365447873128
0.24177365447872856
0.24177365447872853
0.2417736544787276
0.2416751745628833
0.2415109521326106
0.24151095213260979
0.2414890473706803
0.24100663891270732
0.24100663891270732
0.24078704284076444
0.2406661795932261
0.2406332063535711
0.24063320635356958
0.24053425951410773
0.2404572727118054
0.24045727271180523
0.2400940024240489
0.23999483327771967
0.23999483327771756
0.23974121464612655
0.2396970796651479
0.23959774623313998
0.23952045841639383
0.23947628275050603
0.23931055137623847
0.23929949853687643
0.23924422668060383
0.23876836055055603
0.23867972264103277
0.2386021374589922
0.2386021374589922
0.2385356157893414
0.23850234799682818
0.238247140591444
0.2382249357225228
0.2380138861495273
0.23801388614952554
0.23796943080992392
0.23783601493466106
0.23783601493466094
0.23774702942413492
0.23774702942413467
0.2376134886743581
0.23746873478418007
0.23730160134310302
0.23726816052728178
0.23717896196754254
0.23707857347301758
0.23707857347301572
0.23707857347301572
0.23707857347301403
0.23681066276669244
0.2367324650317308
0.23663188711583222
0.23649771669088118
0.23649771669088107
0.23640822743720477
0.23621795020700723
0.23621795020700723
0.23603872563628098
0.23596027207985903
0.23596027207985731
0.23581450337076232
0.23572475474586738
0.23565742084645058
0.23565742084645058
0.23555638390839753
0.2355002335455303
0.2353878926368127
0.23533170207177712
0.2349267332595405
0.23460000000000078
0.23439697097018913
0.23439697097018913
0.23421635297305685
0.23421635297305685
0.2341937659289851
0.23411469411380376
0.23411469411380326
0.2337641974298056
0.2337641974298056
0.23376419742980234
0.23329982854687276
0.23325447476950936
0.23322045364847366
0.23322045364847274
0.2330275734757588
0.23276636354937436
0.23276636354937436
0.23270953998493552
0.23270953998493485
0.23261859340989946
0.23261859340989946
0.23258447927581286
0.2322999999999995
0.2322999999999995
0.23207216550030207
0.23206076790358077
0.23202657175418476
0.23202657175418476
0.23149017257758725
0.23149017257758403
0.23133015367651513
0.23133015367651513
0.23130728479665252
0.23130728479665197
0.2311471392857813
0.2311471392857813
0.23114713928578087
0.2310097833426102
0.2309296213135081
0.23092962131350794
0.23092962131350778
0.23073482615331434
0.23065456856520197
0.23018392645882163
0.23004599540091838
0.2300114997125148
0.2300114997125148
0.22983894361052126
0.2296892901290793
0.2296892901290793
0.22967777428388847
0.22956258405933672
0.22956258405933672
0.2294588634156452
0.2294588634156452
0.22945886341564398
0.22945886341564353
0.22945886341564353
0.2293781593787858
0.22936662791260687
0.22936662791260515
0.22928589141070396
0.22917050421029117
0.22885866817754444
0.2288008741242052
0.2288008741242052
0.22853483323117288
0.22844222464334257
0.22844222464334257
0.22843064593000575
0.22838432520643878
0.2283843252064382
0.2283843252064372
0.2283495784975325
0.2281641733489306
0.22811779851646868
0.22811779851646868
0.22799021908845002
0.22788578279480493
0.22779291033743918
0.22779291033743918
0.2277812986177757
0.22774645990662565
0.22774645990662556
0.2277116158653301
0.2277116158653301
0.22765353061176155
0.22759543053409523
0.22746755812642871
0.22743267135572165
0.22737451484280333
0.22709515626714655
0.22708350886843412
0.22690872614335525
0.2267804665309597
0.22676880296901705
0.2267688029690157
0.22653540562128383
0.22652372944130966
0.22650037527562802
0.22650037527562628
0.22639525171699187
0.22634851446386894
0.22602108308739427
0.22597426844665336
0.22582205383885967
0.22575176632753285
0.22575176632752994
0.22559940159495195
0.22537652939026298
0.22537652939026298
0.22518867644710674
0.22508294026869372
0.22508294026869155
0.2247536651536508
0.22456529117385973
0.22456529117385973
0.22451817298383858
0.224518172983835
0.224282433551986
0.22428243355198282
0.22428243355198246
0.22428243355198246
0.2242352559255586
0.2242352559255575
0.22414087088257703
0.22414087088257703
0.223668348230142
0.2235618929961016
0.2235618929961016
0.22339619513322037
0.2233961951332194
0.2233251441284652
0.22332514412846272
0.2232896101478982
0.2232896101478982
0.22328961014789744
0.22328961014789744
0.22324222270887747
0.22320667552741386
0.2232066755274122
0.22314741764134183
0.22309999999999816
0.22235183831036878
0.22232804591414035
0.22232804591414035
0.2221852380334925
0.22210189103202171
0.22210189103202171
0.22204233830510836
0.2219708539425828
0.22186358421336247
0.22186358421336247
0.22178011633146866
0.221684685984398
0.22168468598439636
0.22139814814040287
0.22127864786282556
0.22120691670921996
0.22111123897260437
0.22111123897260437
0.22084791146850452
0.22071612990445535
0.22071612990445535
0.22053630086677242
0.22053630086677242
0.22023625950328765
0.2201401598981875
0.2201401598981875
0.22012814449769952
0.21988769860999594
0.21970719150724188
0.21967107228763547
0.21947833606075973
0.21947833606075973
0.21947833606075973
0.21938190444975117
0.21928543043257445
0.21927336819595641
0.2189353557559862
0.21880242229006583
0.21880242229006405
0.21880242229006405
0.21880242229006386
0.2187903334244899
0.2186815035616863
0.21860892022056255
0.21860892022056072
0.21853631277204325
0.21853631277204263
0.21835468852305445
0.2183183455415535
0.2182577604576748
0.2181971585516197
0.2178696169730868
0.2178210504060609
0.2176752856894884
0.2175658980630931
0.21756589806309223
0.2174199622849757
0.21741996228497393
0.21705469356823512
0.21704250735742867
0.21698156603730226
0.2169815660373007
0.21679863929462362
0.21679863929462362
0.21679863929462334
0.2167864386902455
0.21666439485988315
0.21660334715788632
0.21655449660535994
0.21645676242612857
0.21606538362264344
0.21606538362264344
0.21577138364482076
0.2157713836448193
0.21577138364481777
0.2156855581628053
0.2155628910550246
0.21546470708679927
0.2153910397393551
0.21539103973935356
0.21539103973935356
0.21539103973935356
0.21529277739859298
0.21518217863010958
0.21518217863010608
0.2149977209181556
0.21499772091815245
0.21499772091815245
0.21499772091815245
0.21489927873308487
0.21477616255068993
0.21450505821541732
0.214431061182843
0.214431061182843
0.2144310611828429
0.21414716902167957
0.2140977580452426
0.21401126138593798
0.21381342333913417
0.21380105238281896
0.21380105238281763
0.2135534827625176
0.21344198274941162
0.21344198274941126
0.21321880780081165
0.21320640234289426
0.21310713268213347
0.21309472072296873
0.2130947207229667
0.2130078167579783
0.21284632954317131
0.2126971555992216
0.21262252938012102
0.21262252938011883
0.21261008913031254
0.21242339795794563
0.2123984934033201
0.21224900470909183
0.21221161608168457
0.21204952251773707
0.21204952251773468
0.2120495225177339
0.2120120987113694
0.2120120987113694
0.21191226958343004
0.21186233737972446
0.21182488050273945
0.21176243765124994
0.21171247010981376
0.2115624966765146
0.21104928334396314
0.21082357553176906
0.21082357553176906
0.21066041393674417
0.21064785781013975
0.21055994395895977
0.21055994395895977
0.21055994395895822
0.2105096909883259
0.21032113540964054
0.21030855902697107
0.21022050328167574
0.20995611446204743
0.20979227821823962
0.209716618321009
0.20951472501951038
0.20935054334775424
0.20935054334775424
0.20935054334775335
0.2092368036460146
0.2092368036460146
0.20919887667002435
0.20889521296573602
0.20884455942159544
0.20842619796944958
0.2082738581771628
0.20817223638132054
0.20801971060454932
0.2080197106045488
0.20798156168275886
0.2077779824716761
0.2076251670679648
0.20757420359957937
0.20731919833918003
0.2072171083670447
0.2072043435838148
0.2072043435838148
0.20717881165794874
0.2069999999999972
0.2067570796853169
0.20660350916671133
0.20656509869772538
0.20655229362076705
0.20614211117576248
0.20614211117576248
0.20598808217952647
0.20597524123059108
0.20583393792084173
0.20583393792083837
0.20578253084263448
0.20574396710475124
0.20516464120310687
0.20515174871299593
0.2050227792222149
0.2049453585714993
0.2048549974982316
0.2048549974982316
0.20480334469924918
0.2047516788697967
0.20475167886979603
0.2047516788697943
0.20459660309985486
0.20459660309985486
0.20438965237995782
0.20433788195046038
0.204169537394784
0.2040788328073258
0.2040788328073258
0.20407883280732445
0.20378051918669704
0.20335173960406736
0.2033387321687643
0.2033387321687643
0.20314352069411537
0.20314352069411537
0.20303933116517184
0.2028699090550377
0.20267424602055287
0.20267424602055287
0.20260898301901623
0.2025698151255523
0.20253063965731496
0.20253063965731152
0.20177175223504504
0.20177175223504254
0.2014700225840086
0.20119413510338702
0.20116784037216257
0.2009441962336798
0.20083886576059018
0.2008388657605881
0.2008388657605881
0.20083886576058743
0.20082569556707688
0.20078617980329155
0.20074665626107033
0.20043018734711499
0.20031138260218848
0.20031138260218667
0.20031138260218592
0.20031138260218592
0.19983545731426428
0.19983545731426428
0.19971629878405056
0.19957056396172224
0.19929204700639724
0.19929204700639724
0.1989333808087512
0.19872053240669368
0.19861402266708117
0.19861402266708117
0.19852077976877006
0.19852077976877006
0.1985207797687686
0.19828081097272204
0.19813402029939137
0.1980939676012357
0.19785348114198217
0.19777325400569265
0.19775987965206476
0.19759931680043952
0.19759931680043816
0.19758593067321098
0.19758593067321098
0.19753237709297067
0.19749220237771303
0.19743862337445436
0.19733142172497561
0.1971705099653575
0.19711684352180675
0.1971168435218064
0.19688859794310312
0.1968885979430992
0.19684829183917354
0.1965255454133124
0.19636397327412083
0.1959864536135078
0.19583794320815306
0.19583794320815281
0.19571635087544423
0.19571635087544265
0.19570283595287932
0.19521567560009337
0.19494450492383794
0.19464578084305106
0.1945642310395181
0.1944146342228374
0.19419683313586888
0.19412872018328559
0.1940878409380645
0.19386967271855582
0.19370588530037094
0.19370588530037094
0.193596616705974
0.1935966167059736
0.19333685628974093
0.192898574385608
0.19288486202914037
0.19277512806376315
0.19277512806376315
0.192775128063762
0.19277512806376146
0.19245929439754222
0.19239056629679252
0.19228055023844703
0.1921567068826911
0.1920190094756248
0.19201900947562445
0.19157771269122204
0.19157771269121995
0.19157771269121995
0.19145341469924113
0.19145341469924113
0.19128755840357287
0.1906088140669235
0.19058105886997234
0.1905671797555931
0.19056717975558982
0.19045611042967467
0.19045611042967467
0.19035887160833853
0.19035887160833753
0.19034497629304528
0.19016424479906766
0.1901642447990673
0.1899972631381832
0.18946751700489337
0.18928594770874996
0.18927197362525766
0.1891042040780677
0.18890828462510645
0.18882425691631985
0.18876821766388716
0.18876821766388716
0.1887682176638853
0.18857194913348124
0.18857194913348124
0.18845970391571915
0.18845970391571915
0.18810850592144732
0.18801005292270875
0.18801005292270875
0.18767210767719458
0.18767210767719458
0.1876439181002154
0.1876016257925301
0.1874323611332908
0.18743236113328907
0.18709337241067706
0.1869943849424361
0.1867962526390731
0.1867962526390731
0.1865270221710518
0.18635678147038223
0.18631419698992333
0.18630000000000102
0.18620059076168274
0.18620059076168197
0.1856600118496184
0.18550323447315015
0.18550323447314987
0.18550323447314848
0.18543192821086574
0.1850463995866997
0.18483186954635425
0.18483186954635153
0.18453110848851484
0.18448810259743034
0.1844881025974283
0.1841293295485544
0.1841293295485544
0.18395686994510427
0.18319323131600798
0.1830921352762037
0.1828753127133341
0.1826871916692553
0.1826292692861704
0.1824408945384803
0.1822958584279974
0.18206356032990342
0.1819763720926437
0.18187459965591635
0.18175821852119922
0.18136488083419328
0.18135029638795885
0.18127735655618887
0.18111678552801205
0.18088297321749147
0.18066349935723194
0.18059028213057243
0.18059028213057243
0.18059028213057196
0.18042909964859083
0.18007692800578268
0.18000347218873236
0.17995938430657074
0.17994468594543014
0.1799299863835942
0.17992998638359067
0.1796504661836432
0.17963574254585238
0.1796357425458506
0.17923774714049426
0.17913441880331069
0.17911965274642502
0.17900148044080444
0.17830563647849074
0.17830563647849074
0.1782314506477477
0.17823145064774548
0.17823145064774548
0.17818692432387015
0.1780532785432495
0.1779938482083034
0.17783031237671795
0.17783031237671795
0.17763684865477802
0.17733880004105246
0.1773388000410507
0.17723436461363742
0.17709999999999937
0.17675615972293587
0.17675615972293549
0.1767411949716309
0.17674119497162982
0.1763966552970888
0.1760364166870026
0.1760364166870024
0.1759161732189512
0.17591617321895078
0.17567543937614058
0.175434375194829
0.175434375194829
0.175434375194829
0.17535897467765874
0.1747999999999994
0.17469404683617523
0.17463347330909762
0.17463347330909762
0.17434546165587414
0.17384409682241156
0.17384409682241156
0.17358525282984216
0.17347855775282373
0.17347855775282373
0.17305111961498484
0.17288290835128886
0.17285230689811226
0.17256132243350422
0.17250000000000157
0.17249999999999985
0.17242331628872024
0.17207013105126656
0.17182400879970186
0.17163918550261292
0.1714078761317568
0.17126894055841105
0.17119170540654197
0.17119170540654066
0.17114534758502803
0.1709597905941618
0.17089789349199053
0.17083597396333275
0.17083597396333275
0.1707740319837885
0.17075854297809104
0.17033980744382798
0.17002896812014134
0.1700289681201411
0.1697954651926833
0.1696396180141895
0.1696396180141895
0.16942119111846685
0.16942119111846685
0.16917121504558597
0.16870151155220814
0.1684661687105192
0.1684661687105192
0.16846616871051753
0.16845046749712428
0.16845046749712428
0.16771085236203578
0.16771085236203565
0.167710852362033
0.16739513135094428
0.16718959297755473
0.16718959297755473
0.166682572574341
0.1665238121110604
0.16623766119625014
0.16591913693121493
0.16575964526989242
0.16575964526989242
0.16567984186375748
0.16566387656939618
0.16561597145203247
0.16561597145203247
0.165296249201244
0.16523223051208813
0.16491176428623835
0.16470312686770625
0.16460674348276252
0.16460674348276252
0.1645906740978963
0.1645906740978963
0.1644781444447864
0.1643333502366445
0.16409174263198031
0.1640111276712635
0.1640111276712635
0.16329999999999956
0.1630244153493563
0.16292703888550855
0.16239042459455447
0.16239042459455433
0.16239042459455433
0.1614921050701863
0.16149210507018552
0.1611477893115488
0.16101642773332112
0.16081918417900226
0.16067109260847087
0.16067109260847087
0.16062169840964763
0.16035800572469047
0.16001124960452118
0.15963060483503813
0.1595145761364775
0.1595145761364767
0.1595145761364767
0.15951457613647638
0.1594814095749102
0.15936527225214386
0.15911612111913714
0.15888322756036685
0.15884992917845428
0.15876665266988566
0.15876665266988566
0.1587166657915919
0.15856661060891838
0.1584331089135109
0.15808213055244552
0.1579649644699739
0.15747863347133756
0.15737782562991548
0.15734420866368232
0.1572264926785536
0.1571086884930292
0.15695709604857025
0.15675474474477644
0.15655213189222456
0.15655213189222456
0.15655213189222092
0.15643381987281432
0.15641691085045717
0.15634925647408698
0.15612917728598757
0.15594271384069394
0.15553510857680927
0.15553510857680836
0.15548408278663114
0.15493876209651333
0.15456273807098317
0.15456273807098317
0.15422010245100953
0.15409999999999968
0.15396262533485333
0.1535497639203674
0.1534291367374539
0.1534291367374531
0.15320486284710585
0.15292838193088912
0.15223498283903192
0.15209592367976227
0.1520263464008787
0.1519567372642626
0.15162565745941547
0.15134629166252964
0.15092627339201029
0.15069827470810637
0.15018841499929458
0.15018841499929372
0.15013557206738154
0.14994165531966064
0.14994165531965942
0.14848811400243278
0.14843466576241482
0.1480778511459421
0.1480063849974067
0.14764853538047495
0.14752308293958652
0.1475051524523802
0.14737957796112763
0.14737957796112694
0.1472718574609557
0.1472179676534064
0.1472179676534064
0.14671404159111628
0.14671404159111628
0.14635303208338346
0.1456464898306858
0.1456464898306858
0.1456464898306858
0.1452646206066688
0.1450641926872376
0.14447954872576274
0.14436966440357307
0.14416799228677538
0.14261854718093242
0.14260000000000161
0.14260000000000161
0.14256289839926778
0.14256289839926772
0.1423958215679098
0.14224714408381123
0.14187476872227822
0.1415761632479158
0.1412207491836798
0.14092075787477165
0.13990353819685714
0.1397143514460816
0.1392402599825213
0.13832544957454695
0.13686449503067102
0.13686449503066941
0.13676783247533128
0.13569999999999993
0.13523139428401906
0.1347611590926693
0.13326113461921146
0.13268428693707646
0.13222499763660495
0.1320848969413235
0.13172395378214066
0.13118067693071261
0.13091829513097192
0.1309182951309697
0.13069586833561206
0.1302904831520705
0.13010764773832548
0.13010764773832548
0.1286767267224348
0.12781048470293954
0.12774838550838902
0.1275204297357886
0.12582913017262717
0.1255555653883967
0.12513352868036726
0.1251335286803658
0.12496431490629466
0.1246676381423832
0.1246676381423832
0.12466763814238226
0.124285155992179
0.12398685414187921
0.12379470909534138
0.12274330938996407
0.12250604066738997
0.12244125121869745
0.12189999999999986
0.12172629132607106
0.121443484798485
0.12137812817802095
0.12074452368534157
0.1207007042232976
0.11928998281498808
0.1183997466213513
0.11766023117434386
0.1173000000000008
0.11659888507185492
0.11603038395179063
0.11557356964289062
0.11527566959250263
0.11509196322940903
0.11361161912410368
0.11326186472065529
0.11326186472065328
0.11307488669019329
0.11291102691942984
0.11279383848420113
0.11147291150768354
0.11125915692651936
0.1095582493470924
0.10812446531659793
0.10738808127534615
0.1069190815523615
0.10654736036148532
0.10534903891350937
0.10489613910912317
0.10408611819066152
0.10298762061529229
0.10080719220373272
0.09985814939202622
0.09785141797644083
0.09758073580374575
0.09703710630475201
0.0943000000000005
0.08803323236142407
0.08803323236142407
0.08758139071743282
0.08743025792024219
0.08510000000000052
0.08362643122841139
0.07970752787535146
0.07850382156303197
0.07782705185216764
0.07519980053165258
0.07144823300824074