60496.25555354645
59745.83822326037
58721.944765138694
51053.66470685528
51043.01489920046
50820.40466190721
50745.58662583378
49945.78326545696
48884.222158074685
48686.01036232072
48493.9164225782
48265.19443657096
48150.88894298837
47814.89416489385
47800.29734217142
47488.33220908058
47017.326593501675
46031.57426158701
45164.46623176233
45149.44975301471
43693.39487840239
43364.73592678733
43214.47627821029
42077.62133248504
41947.49463317207
41837.47327456571
41334.73817505078
40745.96335834999
40504.8508823326
40382.35545383652
39965.50704044676
39892.19617920277
39881.44316596379
39833.76714547596
39738.28285167843
39657.96389125392
39553.24927234171
39434.54593373683
38958.007187226605
38654.09031396289
38589.383254983484
38498.18480136434
37759.44121673413
37407.684678418686
37331.51360446024
37083.66358654441
36730.10372977457
35917.44782135836
35682.72692774475
35370.693815643484
35274.57512146673
35152.79860836118
35147.308986606644
34668.44653283444
34577.3900258536
34266.50390687676
34202.18807327976
34196.52768922599
34192.04615111532
34168.65165615992
34041.430052217256
34000.63353821514
33831.3252031309
33192.22615312206
33172.733577442785
33160.758284454234
33120.33117286118
32989.904516381976
32942.649347009115
32848.51491315856
32794.98528738807
32682.64352833167
32505.315149987393
32100.312303776733
31853.414024245503
31506.963690587516
31405.012418402257
31305.72407723546
31304.78150378948
31229.832484340994
30963.156056836324
30921.090698744763
30912.557141071327
30898.81460509448
30889.231910165716
30842.417301502162
30837.08470332434
30693.77886477975
30583.935080365314
30496.52521189914
30419.743999580274
30278.262912525217
30153.938117599166
30089.004802419106
29900.99872913947
29655.938444095813
29616.031942176185
29592.66885564734
29549.022589588305
29543.30682235826
29330.03027615212
29168.61563393093
29097.50135320901
28914.13697484329
28858.66838577276
28647.62950053634
28557.871104128193
28529.27804904989
28498.514154250217
28430.776581022194
28362.676354674288
28255.995700027986
28214.608450233718
28186.15222054972
28141.47979406911
28061.031805690967
27795.634549331662
27703.778532900527
27690.53935913853
27542.030026851688
27511.810009521367
27360.23932643865
27296.648292418613
27251.641638624267
27139.700606307357
26967.466195399225
26814.422723601565
26631.46359102331
26597.777726719953
26548.456602974118
26510.276365967973
26444.13842423307
26405.706447660134
26396.797476209118
26384.317918036086
26356.105364791667
26041.342380914237
25974.801827925465
25957.26969463468
25927.168028922864
25892.168893315986
25811.528141510724
25634.735067872265
25578.55830573725
25542.98034685851
25494.383695237662
25298.59620611389
25298.59620611389
25297.400913927897
25290.882408488636
25213.830688731134
25195.044314309114
25117.64272379078
25060.62602969048
25040.717242123876
24984.4866467174
24984.4866467174
24921.15567143707
24888.563478031432
24812.733364141888
24714.486622222197
24686.599300025104
24306.491992881245
24306.028922882488
24275.45132433175
24198.794701389572
24169.380380969636
24127.763012761876
24072.90636794818
23979.756483334022
23912.957930795597
23875.49339804311
23678.578694676755
23648.68928714655
23558.943885497076
23558.198233311476
23535.66217466592
23535.66217466592
23494.115007805678
23479.737519827602
23435.87118073489
23380.282376395713
23356.879864399696
23214.44778580787
23077.62693606082
22935.750630838313
22915.525086717957
22889.106251664787
22864.39662444649
22854.977969799053
22850.989759745637
22849.264780294354
22789.452055720867
22702.732809069483
22643.034977670286
22610.663369304315
22552.03194836332
22531.03683810401
22523.568633766718
22438.015464831107
22393.203835092467
22360.963530223828
22346.648093170483
22332.46627670128
22234.583625514555
22226.02152882967
22183.10359259948
22167.4709879138
22165.613458688662
22141.71594524688
22127.707721316277
22124.685331095672
22081.376610166313
22029.422007851226
21908.89727941596
21895.228818169497
21892.433236166326
21873.28144106412
21856.51724314741
21651.80234991997
21604.902800059066
21578.95307933172
21578.95307933172
21567.27780689997
21564.69605628607
21556.62914279503
21556.42783487097
21529.03121368911
21440.549853023826
21416.17169337228
21379.292621599994
21365.496530621516
21340.390108899133
21274.682277298525
21270.376489380717
21185.138422960565
21180.579501042932
21176.173072583253
21169.602830473697
21148.73963147686
21126.8546878138
21119.953977222583
21096.896572718935
21088.276577283406
21028.697653444924
21008.71866630614
20940.882359633273
20897.41060514436
20885.038304968464
20885.038304968464
20881.15985763243
20845.489488136278
20731.598539427683
20719.290769715066
20696.919601718513
20690.119211836358
20606.123483081432
20532.30491201609
20527.791625014124
20511.35509906647
20468.366642211586
20422.950276588344
20420.42176351899
20392.689106638194
20378.156859735867
20309.90903475444
20232.518899039733
20201.314635438954
20188.69708525045
20171.989118577276
20145.881762782188
20109.639728249735
20109.253218356967
20069.490327360083
20048.47550313988
20017.875636540455
20017.0992154208
19954.202063725825
19951.94326375253
19913.8789792446
19822.520147549352
19781.52393017282
19764.5356130621
19741.07264056338
19727.50090609553
19674.987598471314
19647.062884818177
19644.875489551978
19644.875489551978
19624.548147664445
19622.33943748808
19615.87278200998
19524.909423605528
19496.682179283736
19493.918154132072
19478.420392834734
19468.512475276584
19432.92116486865
19385.036832567537
19366.551009407947
19358.976858294965
19321.24478391597
19312.00662800218
19242.67977699572
19239.571772781223
19193.207809014104
19171.722927269733
19138.208092713383
19116.68216506201
19083.678157001075
18967.9687895146
18946.896843546703
18904.8051563617
18876.072499331
18870.046237357237
18857.409631229842
18855.865983825828
18789.604838846397
18735.13151808655
18664.083931444373
18639.451842798382
18632.297335540778
18606.941177958295
18577.07802642816
18569.721807286183
18569.050514229315
18548.214199755188
18548.214199755188
18540.189130642655
18525.27721789879
18492.56945370221
18492.101259727086
18478.638261517
18473.667123773776
18473.667123773776
18463.956889031128
18372.22708329069
18309.407226887495
18300.5170691978
18274.111141174555
18260.981381075882
18259.989731651
18214.023608198164
18167.079016726933
18126.134116242218
18109.9598287793
18105.856096854408
18095.64809560575
18066.59287192801
18066.59287192801
18062.696365714615
18027.925365942694
17988.444652053717
17986.234875593058
17983.792981459723
17977.375253356648
17955.636468808338
17912.79813429493
17906.42097126056
17895.774361563683
17881.504690601403
17875.95938684131
17871.72079011979
17871.48096829135
17847.527840011906
17839.043388029528
17820.96734187008
17772.811960970048
17763.77870837171
17763.77870837171
17758.56359619212
17715.15424714106
17713.317532297555
17697.663800626342
17691.023769132185
17681.745275848763
17668.936470540608
17646.96339317334
17625.47772402212
17553.657282743105
17553.657282743105
17537.05725029145
17466.952224128858
17460.769198405895
17433.696567280273
17429.189453328
17419.6639462419
17405.880874003476
17399.17000894008
17391.33637763355
17389.320975817314
17377.718722548136
17369.62362862247
17350.22504176819
17341.33789532976
17324.65814958552
17295.153367345432
17283.048457954403
17281.394069923874
17247.921729878068
17237.691550784868
17237.691550784868
17232.84288792769
17231.62702706857
17216.39233405187
17188.56553060784
17180.76764874026
17158.004108870005
17095.10037993343
17086.32590699358
17073.636548784794
17062.554937640492
17060.09665857729
17052.647184528272
17025.701894488815
17025.553735488313
17014.317030077935
16998.095952194177
16997.633070518965
16990.52880283601
16990.52880283601
16975.1453896572
16949.812565335345
16931.689874315558
16925.213617558864
16917.088697527124
16867.131498864885
16827.415992956256
16781.535835554503
16779.835070703168
16764.867580747545
16737.044691342613
16720.095962643278
16712.405212895002
16696.637895097323
16691.654231980723
16670.160197190668
16644.09592017542
16644.09592017542
16634.338279595013
16620.29244628385
16590.17401958159
16588.650095773315
16557.272843074126
16550.99398827756
16550.009063441626
16540.430496211397
16540.430496211397
16518.144508388345
16509.42191598482
16496.725281097457
16481.902863443895
16476.551732689702
16454.16193551042
16429.58550907478
16417.52128063186
16401.765789085028
16394.011010121958
16384.03643794776
16383.864043625363
16337.162819779938
16319.720095638895
16283.75214746282
16280.491024536084
16272.788820604783
16229.420199132192
16220.776368595925
16194.034580671983
16190.99246494791
16173.363039269228
16150.325074127764
16146.22587479811
16146.22587479811
16145.782916910533
16145.696795121603
16101.017265999064
16061.052300518793
16031.00028070613
16025.667973597856
15977.577319481199
15967.778117195892
15948.386282003581
15947.343383773989
15915.921745221041
15911.749181029722
15878.897348367738
15868.801214962648
15868.801214962648
15854.415820206053
15850.431476776901
15802.324512551942
15751.095612686757
15719.075322677221
15704.764913872477
15688.41996505703
15623.199160223236
15604.506816942341
15596.751071938028
15590.67830467937
15588.97459745188
15579.864087982283
15564.849148000118
15564.849148000118
15439.06917530976
15419.188078494924
15408.80196511072
15402.254705074838
15400.43015633005
15400.415838541503
15400.062240133966
15396.591863136466
15388.462853709594
15370.671943672469
15344.953600451192
15338.073836046036
15337.651449945
15330.143508786863
15326.857081606784
15325.55852163307
15313.461561645689
15307.080877815992
15300.45152928501
15300.45152928501
15287.625845761662
15281.22639057481
15264.175641023003
15258.138287484486
15257.240903911821
15252.18266347476
15210.892708845198
15198.554207555402
15198.554207555402
15196.527004549427
15194.661825786055
15159.553456484133
15155.309597629472
15106.94174874584
15099.057089765573
15084.062914215123
15030.731485859229
15028.42390272513
15013.594273191213
14988.924344328381
14987.71563648043
14972.35135174165
14967.25763124294
14954.907455414092
14911.647662146528
14902.580615450466
14877.322608587878
14861.808907397512
14826.627836429969
14824.296307076434
14821.236453143847
14818.629963663983
14818.629963663983
14800.211417408875
14792.997397417468
14789.498875891637
14751.41457623641
14742.449253770556
14741.3589943397
14704.994287656149
14688.144368843874
14670.872503024488
14664.037984129747
14647.95084644948
14638.824577130501
14618.037795819246
14609.432056038318
14559.988255489769
14545.7145579033
14494.60375450119
14485.545968309238
14466.702319464515
14454.374874064944
14448.083090846343
14440.374510378877
14434.550564530924
14400.457006636976
14400.457006636976
14389.65340096835
14386.674181338785
14381.859441671651
14375.642524770848
14372.738430793208
14367.213856555487
14364.91343517252
14361.600224209
14359.905988550203
14351.775151527423
14351.519780148721
14342.990657460528
14295.25529677592
14279.3577236513
14279.170914307315
14246.654905626092
14246.654905626092
14234.845450513329
14229.10148252517
14220.253197464523
14220.253197464523
14197.000422624491
14197.000422624491
14187.179141746255
14181.306357314195
14176.609079748232
14176.394534577541
14149.287084514188
14142.763697382488
14128.281565710671
14113.729946403255
14113.729946403255
14105.509030162648
14097.15808239377
14095.375695596056
14083.67125432854
14073.386230754842
14057.239700595563
14044.526335907523
14002.794363983212
14000.207784172348
13977.508862454712
13968.284218185137
13959.00125367141
13931.373658042483
13907.818844089104
13905.090758423694
13857.811840258188
13849.738264674896
13845.598036921338
13843.723559794164
13812.187806426613
13811.484279395898
13810.03233160589
13805.44950372859
13804.996522998475
13777.155149013892
13777.155149013892
13775.35367967008
13762.097986862324
13738.038469883537
13730.356513943838
13730.356513943838
13726.752310725215
13721.800756460501
13683.973472643098
13679.445895210814
13660.62963409813
13660.62963409813
13649.743221028006
13647.290133942342
13644.552942474884
13624.106943209159
13615.637076538138
13608.484191856196
13608.13819006847
13603.115268202355
13600.17003570176
13596.876479544851
13593.058522643092
13586.14647352221
13586.14647352221
13569.203550687858
13565.436557663745
13556.265119862477
13552.668999130761
13548.649526797864
13548.649526797864
13539.234394898405
13529.108359385698
13526.034932677056
13509.593776276177
13501.749701427589
13497.417715992937
13487.642529367391
13484.11558093448
13479.29560474137
13471.08503425021
13468.755324824933
13468.755324824933
13432.39535600408
13416.205312978778
13407.676383326083
13403.289894649
13391.867681544647
13367.629745022114
13361.66336950606
13360.523642432583
13357.414607625235
13326.330215029193
13321.154079132933
13317.262556546671
13305.98639710713
13301.42496125885
13290.815625837264
13269.654893779265
13265.315450451979
13240.42204765392
13235.295614379
13235.295614379
13234.828672861617
13225.290923076134
13209.002422590436
13209.002422590436
13203.684978065783
13193.279804506536
13155.350926524157
13125.544636318906
13116.312362855651
13112.679741380096
13097.248756895473
13096.703592889318
13096.703592889318
13083.48168493387
13075.145620604002
13071.883299662677
13070.974906256994
13059.116432592215
13058.157373841073
13037.898680385579
13027.929421055365
13024.49388652012
13014.473673568209
12999.901845783297
12992.276975187991
12988.36925868679
12981.454964679422
12981.097950481693
12975.010944118698
12964.943501612339
12964.324355707859
12964.324355707859
12942.317141841333
12942.21051443686
12941.39482436109
12938.823748702971
12903.661379624002
12903.004378825886
12897.276146535749
12897.276146535749
12887.910808195407
12870.78633961422
12867.684562499968
12864.77815587972
12850.435401183884
12847.058223577878
12845.851665031789
12835.467268471375
12835.467268471375
12833.010558711467
12828.334459313102
12827.199616440059
12820.686799075937
12815.812771728526
12815.812771728526
12788.224036198302
12774.736044239819
12764.620245036669
12754.63558867912
12754.565966743046
12754.565966743046
12747.794946578017
12741.811880576483
12736.251567867212
12736.130063720298
12735.398541074403
12735.207968462862
12730.852995773692
12728.499400950608
12725.984126974228
12714.187744405854
12712.022105078326
12710.797181923721
12710.56115991737
12665.947457651953
12654.706160160338
12639.101866825822
12626.0049897028
12622.158373273567
12601.771462774588
12598.8333190022
12594.977927729766
12581.907407066705
12565.40218218263
12563.748365834139
12563.748365834139
12561.88536804886
12560.562487404773
12560.562487404773
12554.692190571619
12554.528266725118
12553.378031430424
12535.952975342561
12535.436569980322
12531.327822700992
12526.394932301951
12524.156059391786
12524.156059391786
12515.910674018092
12515.020894908646
12508.22425446554
12498.37049378838
12483.281139187726
12480.080929224778
12468.125761316334
12441.854604519376
12437.953891215388
12433.98672992697
12410.448823471294
12383.268146979617
12382.049305345217
12381.420435475084
12375.022020182429
12370.353147748046
12370.353147748046
12317.09381307133
12314.60044012797
12311.318044791142
12310.70980894278
12289.419921216786
12279.363582857215
12269.465921546871
12269.143450135385
12269.143450135385
12265.232366327187
12263.318963478036
12245.974236458282
12238.661119583301
12236.884325677023
12233.383219698466
12223.25234951811
12221.415957244888
12189.311424358637
12186.362295615538
12182.952885076755
12179.675036715882
12164.501017304408
12147.740736449721
12132.08081905161
12127.187060485214
12119.196549276689
12117.736463547968
12113.429984938204
12100.39949753726
12097.127964934487
12093.15922329645
12082.056654394566
12081.987005455683
12079.120208028398
12079.120208028398
12077.486866066136
12065.81501598628
12065.232364111353
12064.194046847888
12057.132329040765
12053.045299840203
12038.64332057396
12033.687921830115
12033.080445172798
12031.668961536467
12023.592350042478
12022.364492894067
12016.914121354117
12013.207440146865
12006.79874071353
12006.79874071353
11985.684502772463
11985.684502772463
11975.319661704234
11968.78410700101
11965.665046289738
11955.413250908561
11943.409270388418
11941.534114174778
11935.608111864263
11923.496131588252
11919.100385515678
11914.105925330696
11900.1692845102
11898.07484427628
11897.275738588225
11891.516051370405
11890.16778687332
11890.16778687332
11890.116946439173
11886.942626260126
11880.940072233341
11878.77034881978
11868.992417218911
11865.460505180572
11857.861189944837
11856.177166355097
11830.646685621205
11813.495376051917
11805.602610625177
11803.876524261002
11801.925690326982
11801.925690326982
11792.082089266509
11786.911088151975
11777.555476413601
11772.410118578098
11763.194336573719
11759.179648257781
11757.446704110549
11754.15318089738
11750.469692739945
11750.469692739945
11748.304473412323
11746.779643800253
11737.131250863646
11735.857275887432
11735.293306943802
11719.512361868987
11711.927467330046
11707.190696319933
11703.363362726119
11696.054249190194
11690.28181867315
11688.137618970783
11680.845388926266
11680.845388926266
11674.138640602141
11668.380564585645
11663.712273543102
11660.503248144996
11656.818305180877
11653.941178845893
11651.144364396143
11645.137182532459
11644.788104555617
11638.667019895363
11621.515649862542
11619.136155497963
11613.294536865928
11606.745107910314
11595.987625036516
11585.864231899146
11578.544165826721
11566.039641986361
11559.08274907659
11555.004327130302
11546.043001825345
11532.190468423594
11524.332388472661
11510.868820380154
11509.717112075345
11504.17811058226
11499.295630602772
11491.579960997531
11487.680792918996
11487.680792918996
11483.612671977404
11480.502515134083
11464.97191448806
11459.040273949648
11458.422448138312
11441.950620414336
11441.020977168078
11433.127043814391
11427.592091075005
11426.999649951864
11423.1976696545
11404.368680466272
11401.859541320442
11397.955825497833
11397.46783281269
11385.766728683668
11385.22138563849
11370.407644407478
11360.902869050506
11343.200297975876
11327.560196264683
11322.903691191585
11312.287920663972
11309.89871749522
11297.906044927086
11282.42106110209
11268.897017898424
11266.192968345607
11264.68983150446
11255.929015412277
11252.329980941726
11250.287285220764
11247.444598663289
11240.622447177913
11217.04564491025
11215.799302769286
11212.223552890837
11210.80273664647
11206.241876739945
11184.58841442098
11181.587230800464
11181.579897313259
11180.74384824194
11180.234881253613
11179.576467827392
11175.559941228896
11171.188343233678
11166.439226539496
11164.54101161351
11159.80152153254
11150.073587201117
11149.82555917356
11149.82555917356
11149.446264276985
11146.841750020496
11143.155926397154
11141.026254344795
11137.98698149715
11134.451041699362
11123.835354768606
11108.442285037088
11106.164954654689
11100.616784665615
11096.625478045116
11095.780324069146
11093.187819558452
11090.972229701056
11090.972229701056
11087.492863582822
11085.695738202452
11072.80890289361
11072.084988835662
11068.392159658963
11062.66916254843
11059.523497872773
11053.071111686562
11053.071111686562
11052.044381018382
11046.508317110887
11040.826418343873
11040.609131746309
11026.051423787212
11016.16180890604
11011.45680643574
10976.084228904223
10973.090221081753
10965.045599540386
10961.01550952283
10953.12069686078
10952.580746107284
10949.113617092482
10945.684492072663
10945.574813594762
10933.001829323912
10931.097154448862
10927.043927796758
10922.447436357843
10918.71553801087
10915.10009115812
10914.851579384853
10912.045637734476
10905.694384127954
10905.518327892536
10903.261576244055
10901.750318182856
10893.888791427971
10892.834571405187
10890.346045925262
10880.57742033942
10874.868504952141
10873.629246944187
10872.9493698812
10869.948527937011
10862.572899640305
10854.098304327264
10850.317691201488
10848.674803864295
10842.52636611966
10841.622111104962
10815.383580807478
10809.12216602255
10795.259144643078
10785.804791484037
10782.614154276318
10770.257982054098
10769.04754377099
10769.04754377099
10760.05692364125
10752.733326926693
10741.544209283877
10741.198908874187
10728.599722237754
10724.577567438262
10720.433573321558
10719.889784881187
10719.077059150195
10715.141156326406
10706.565509069656
10697.317233774083
10689.584697264903
10679.579486103374
10679.579486103374
10655.50383604642
10641.38924201159
10641.38924201159
10635.866913420834
10634.110588102796
10631.41876703199
10623.262116694665
10613.731671754285
10612.707712926047
10611.453105018181
10611.453105018181
10611.346804246858
10611.346804246858
10610.198537256501
10605.29777988341
10603.940446833903
10602.190764176996
10598.754643824905
10598.200318922076
10586.989609893833
10586.989609893833
10581.1020220013
10579.798958392357
10572.625643613794
10568.18508543449
10565.06743944401
10565.06743944401
10560.021401493465
10559.34453458168
10557.720303171514
10550.720259773738
10549.683075808485
10548.512691370286
10543.2694170262
10539.216289648866
10537.81974603855
10536.697063121821
10536.525091319243
10532.789991260624
10532.1624085465
10531.720894516717
10530.964485743934
10512.226976240572
10495.304902669573
10487.796527393159
10481.707160572652
10479.108740727906
10477.063710792256
10467.81128030115
10466.662600848467
10453.364338814561
10448.912096481623
10447.347462394462
10439.04732243321
10438.352025104346
10423.556254944855
10419.166281425783
10405.564761222719
10403.839531634463
10397.617034686362
10394.826838384563
10381.122290003139
10379.134838704043
10377.18193923572
10375.185203166255
10369.361069998478
10361.023356792513
10358.11995489529
10351.206789548743
10346.343315394091
10344.158979830116
10341.20621591118
10339.280149023916
10334.246465030723
10334.246465030723
10333.74457783818
10331.771290538714
10319.59863560594
10319.069967782949
10314.009501643868
10314.009501643868
10308.37038527429
10300.289122155747
10297.80000776865
10295.052889616449
10295.052889616449
10287.10357680917
10285.276953004231
10280.151944402378
10272.95575771647
10266.759566679255
10262.506906209614
10250.909520623036
10247.198690373873
10245.616623707916
10245.287014037234
10232.36712593914
10232.36712593914
10231.736167435123
10229.079039678987
10225.340923411795
10224.085338063254
10206.674335943124
10204.910386671703
10185.254881445038
10183.657201614751
10174.802209379797
10170.063175811643
10167.375325028579
10166.013820569004
10164.033894079654
10164.033894079654
10158.658622081954
10152.63611088273
10143.624845192177
10143.580630132537
10138.262622362867
10134.392779047
10134.218914154164
10127.586089488452
10119.269588265746
10111.932209029093
10109.61665939911
10101.593389163909
10076.15571535097
10069.403606966998
10068.747538795478
10036.570031639296
10035.578707777644
10034.284030263445
10030.44375887727
10030.139430735746
10024.66498193331
10023.907671162979
10009.987662330059
10000.37424299711
9994.502188703547
9986.062337077614
9982.798505429226
9980.965734837486
9978.653215740089
9962.320412434043
9959.316141181582
9948.532002260434
9946.359384216921
9946.278550292063
9941.333964815789
9938.773566190146
9937.92785242477
9934.334451788907
9926.858969482744
9924.134319929371
9921.614838321431
9917.291263243205
9915.137770096793
9904.974760189953
9900.91005918143
9900.401810027712
9895.82401824123
9893.365908526785
9893.365908526785
9882.355640230724
9879.389910313288
9876.479382857031
9872.4048235473
9865.37100164003
9850.760376742497
9846.573668032957
9840.14822042839
9837.53393895035
9837.401740297079
9836.038277680704
9834.271706638981
9830.855100142611
9822.61294157517
9817.292753096446
9811.062429726966
9811.047293739848
9808.097165097826
9787.059057755809
9782.09696333051
9773.89589672409
9773.55948465041
9768.034500348573
9763.824250773874
9762.737577134807
9762.737577134807
9761.070279431451
9755.393380074429
9743.108590177982
9734.925834334847
9731.959771803417
9713.299130573505
9712.692726530579
9703.347875862228
9702.107245335932
9702.107245335932
9701.303056806339
9701.303056806339
9690.944329630627
9680.843764879175
9680.47565980102
9673.944490227344
9666.127456225684
9665.978532978439
9664.708428090316
9654.559803533251
9654.26869317402
9641.932275223675
9640.310627775434
9633.774442034648
9631.367140754213
9631.367140754213
9627.493235520864
9627.493235520864
9626.860028067304
9626.860028067304
9613.882566372444
9609.485418064798
9606.559269582423
9601.6020017495
9593.266388462274
9592.472100558854
9592.472100558854
9592.09638191777
9591.106922561128
9591.056667541903
9588.736360960187
9579.312762406289
9578.099863751682
9550.05282707902
9546.803915447304
9545.290461793187
9545.28098067312
9541.649752532316
9540.16797546039
9533.558936724523
9524.631226457012
9518.256247863892
9512.311443597713
9510.028916885585
9510.028916885585
9504.121474392045
9503.950020912358
9503.950020912358
9493.38385403224
9490.520849774262
9486.788497695097
9480.968990562093
9474.361033863972
9473.623593958122
9473.46615553146
9472.75978793931
9471.117568692725
9466.861887658444
9461.748358522329
9461.457075947657
9461.30667508458
9451.460892370025
9441.095275443417
9433.33853945675
9432.214268134498
9429.43672760998
9425.021007934147
9424.351914057539
9423.964399338529
9421.033170517976
9418.953020373337
9415.984069655173
9407.430520604445
9407.163440697732
9401.038772391059
9396.143091715878
9393.269984409051
9388.127236035949
9386.672520121281
9380.00533048889
9377.983152042874
9375.755969520538
9374.854132198538
9371.631288094939
9369.553084325848
9353.402054867523
9352.192470217879
9352.192470217879
9347.791450390836
9342.65326339365
9338.802974685781
9336.230770498338
9333.59550227028
9324.247958950898
9324.247958950898
9323.880844369472
9313.995114879543
9306.437556874274
9305.410307987499
9296.348584256079
9289.202818326232
9273.896376388944
9273.896376388944
9271.151492667996
9271.020709716919
9260.057235244283
9257.292314710603
9257.063573293639
9256.8574581226
9245.36262133617
9241.04950749643
9240.53640217926
9229.20104884491
9222.54872581327
9219.496407071267
9214.893216961334
9214.893216961334
9213.006946703123
9211.79873857435
9211.79873857435
9205.63615400913
9200.69432162595
9193.392953637955
9193.233870624634
9183.166828496584
9182.236002194672
9172.318572749204
9165.479201874827
9156.006662295524
9151.289417344422
9150.944978525442
9146.112452840278
9145.86053906356
9136.02566765221
9135.506335173764
9131.08558715775
9127.861743037085
9127.12221896913
9124.747558151952
9122.908527437947
9118.04935279471
9116.002687581877
9115.43855225847
9113.588590670526
9112.427393400729
9107.901240132109
9106.186962719357
9103.522505052646
9094.299863101061
9091.860205700481
9089.114918406522
9088.993618657678
9087.211508488179
9086.37358906181
9083.44851914734
9077.27370965534
9071.68176249586
9066.716770694891
9066.647506107205
9066.079637858913
9065.919589319112
9065.309316289213
9064.554539523715
9059.71726931917
9054.707339279386
9052.30893197973
9049.97734803795
9049.97734803795
9046.229048614678
9043.698469099907
9038.682315470547
9035.655648595734
9035.176699987665
9032.992970217569
9024.218636535797
9021.6712974925
9019.46739004028
9014.862450420416
9012.90951912866
9011.15536432482
9010.859060045274
9006.51342085271
9004.854801716683
9001.59063721518
9001.59063721518
8993.446113698576
8989.906562362035
8983.317538637939
8980.009020040014
8979.637242116187
8979.637242116187
8975.373251291558
8972.923715266947
8972.04770384108
8969.442903547577
8962.870131827192
8960.943979291467
8953.786796657601
8953.786796657601
8953.13738306299
8948.700576061308
8943.174380498236
8937.914130265517
8935.497971573828
8930.499762051393
8917.488267443921
8915.744724923432
8912.268005395708
8911.630883289545
8908.331212971372
8903.333139897664
8902.607764020608
8902.313238703748
8895.781303516853
8890.796364780828
8890.349486943695
8888.034484631571
8884.032980578133
8882.102284932324
8881.524925371768
8881.14255037042
8875.18951910324
8875.18951910324
8869.076614845539
8868.185496481228
8866.963629112279
8858.303787972052
8852.28761394477
8851.848394544497
8847.330557857551
8847.330557857551
8844.399357785695
8844.399357785695
8843.992141561412
8843.992141561412
8835.22778427359
8820.86078566032
8804.819702867288
8801.642858012361
8799.664595880913
8793.836079891415
8792.362253683592
8790.952621872102
8768.7203741481
8768.320990930932
8766.439642180856
8755.958085783646
8750.488729208215
8742.949673880092
8742.462467749003
8740.413319746383
8739.496839063448
8730.172277796126
8728.75185808372
8725.037363816846
8720.46518254617
8715.191793644017
8709.9540756539
8702.631556029475
8701.365869793086
8700.265570659323
8698.833255098065
8693.912928020385
8693.441493447805
8693.308000985586
8691.35961745917
8691.35961745917
8689.020025296293
8686.662535174255
8686.261566404733
8685.837725861566
8679.025809386674
8679.025809386674
8674.728871843776
8673.99706017935
8670.193135103738
8666.090814202214
8660.860292141884
8658.752854770715
8658.630376681984
8658.630376681984
8656.564965388985
8650.903421030662
8650.506863762377
8643.647031201586
8641.583766879772
8641.583766879772
8634.571269032413
8628.139660436658
8624.480332170744
8621.982660618149
8618.178461832871
8617.67950204694
8617.67950204694
8613.652651459774
8607.524615126
8606.199219167542
8593.74801818159
8593.74801818159
8583.738229932225
8583.738229932225
8582.212418718147
8581.935096468627
8577.857308209317
8574.548676169492
8571.843792323796
8570.726048591216
8566.271125758278
8563.834012870637
8560.680463608018
8555.733749948044
8555.21571908038
8549.902514064122
8547.077921722721
8546.958523357885
8543.298016574161
8543.298016574161
8540.863246768444
8537.824371583196
8537.736058229957
8537.614713724202
8534.826828940351
8534.408532522919
8532.355419226276
8527.672894758569
8519.320278050356
8516.404934008246
8504.615452799733
8497.110155811799
8497.00994468054
8495.27686423462
8486.607390471177
8486.334956858585
8485.457913395128
8482.883118374319
8482.883118374319
8478.594694877213
8477.303580738395
8468.3973099991
8467.78016956038
8462.754457031115
8461.404670620594
8460.783533455988
8459.59017919899
8453.946829735802
8450.516729762743
8441.55939385609
8437.268870908405
8437.268870908405
8437.015171255769
8426.962916733406
8424.955133411691
8418.57618603051
8418.332970368896
8417.99833689696
8416.595808282585
8414.352143807626
8414.123008371103
8410.235490163162
8409.856181885632
8409.856181885632
8408.750917942569
8401.54961896911
8399.92029724092
8399.92029724092
8399.557428817307
8398.324892500885
8396.975884209744
8389.03170812937
8389.03170812937
8388.878649736209
8388.816424263914
8388.715515500571
8388.556550444182
8383.175531980707
8377.989317252679
8373.629619227257
8360.313989318822
8359.408890585506
8354.469223116452
8350.526749852372
8348.029707661562
8342.97620756526
8340.295558312067
8333.149764644819
8332.807030046957
8332.202409927402
8332.049207727952
8330.020047995084
8328.04064591426
8321.442723470493
8318.781220827965
8318.781220827965
8314.584415351137
8312.754778050416
8312.754778050416
8312.344554937554
8312.219920093548
8310.81861190581
8304.23506411036
8302.882933054036
8298.967706889815
8297.196213179486
8289.830697909336
8287.052371018299
8285.89168406153
8284.501433399599
8278.004167672301
8261.798472487695
8258.42721103722
8258.058972906405
8251.813437057335
8249.391795762886
8240.097875632304
8238.805799386218
8238.704873947117
8232.157493634339
8227.654951442726
8224.684917977102
8224.014652224301
8222.175685303739
8215.09099158372
8213.900717685843
8200.86397887442
8194.188794505531
8193.492356742636
8188.459317844841
8184.4343115453
8180.913213083243
8171.603575798326
8170.88404029821
8164.998040416176
8154.535241201671
8153.3144794003865
8151.7620794525155
8149.338684825904
8147.64585631948
8141.456933497837
8140.178192152798
8133.438264350446
8128.050996395138
8116.042508513617
8114.063470296495
8106.347204505862
8100.339313880623
8096.6403526401
8095.673165339618
8095.673165339618
8093.842659701262
8092.269150244571
8092.254135900577
8092.254135900577
8081.797386720357
8081.797386720357
8077.952277650568
8073.283408873988
8072.673472896076
8071.898537518915
8064.619643851779
8044.5186307199265
8042.66305398902
8041.076171757111
8040.919412604507
8040.801950054484
8038.7374630597305
8038.7374630597305
8036.2133495820035
8035.723800629287
8035.463521166654
8026.590434300233
8026.590434300233
8024.394058120526
8021.45728655336
8017.454271774801
8002.335659043552
8001.702318881901
8000.0359999190005
8000.0359999190005
7998.902987285194
7997.959052158244
7997.959052158244
7996.974240298639
7996.2377403376395
7993.998874155537
7988.352082876668
7988.352082876668
7971.198968787568
7971.14897615143
7969.495404352775
7963.219512232474
7960.305647398221
7960.131782828724
7959.69245637041
7959.69245637041
7959.4110963060575
7958.228760220455
7956.564145408494
7953.133030447812
7951.349067925517
7948.9155235164
7942.105829060703
7940.017947082992
7938.096812208831
7933.859716430585
7933.7154599846845
7928.287646144027
7928.287646144027
7919.533445853992
7917.209672605621
7915.411612796898
7915.411612796898
7913.604109380251
7912.061931001299
7904.690379768204
7898.5247356705795
7894.942811699145
7892.490861572156
7892.339830493869
7890.6335613814945
7886.241183225377
7881.2395598662015
7878.481389201856
7876.299194418658
7875.810878887329
7875.810878887329
7874.375911778659
7866.244402508734
7865.576774782635
7865.308957695178
7861.695046235258
7856.936871325873
7854.843601243758
7850.1919084822375
7846.637241519452
7846.110692566094
7845.500685106082
7841.12861774375
7839.980867323593
7832.325452890731
7824.803703608161
7817.72249443532
7810.700992868694
7810.640498704315
7799.0544298652
7796.707638484337
7788.240494489111
7787.4979293737215
7781.97616290361
7778.156593949494
7768.047373696944
7759.180949043526
7759.180949043526
7758.924216668184
7756.307949018012
7754.806638466236
7754.806638466236
7754.6082428450245
7743.190169432752
7740.927915954262
7738.595221356393
7733.450588191535
7732.000581996874
7730.3736002860815
7729.4385953961755
7719.513067545128
7718.454832413026
7714.859039541811
7711.351697335558
7708.440179439677
7706.442499623286
7706.442499623286
7699.62057506732
7699.089621507208
7698.556358175213
7693.332307914432
7690.991418536364
7680.0430337336
7678.107123503813
7676.491516311342
7676.191568740322
7670.3419089373065
7669.318678996199
7667.526915505416
7664.1248685026
7663.135454890511
7663.135454890511
7661.04229201223
7657.168471439035
7654.851533504749
7651.828147573624
7651.758294666658
7651.654200236704
7646.879428891239
7646.879428891239
7645.572902013295
7640.664434458564
7639.216255611566
7632.873705230553
7630.435112102062
7629.838858062469
7627.582906792951
7625.326747097464
7611.514041240415
7598.39154031957
7591.796230142113
7591.0737053463
7588.930425297099
7578.179860626165
7573.394549341794
7572.108425002907
7569.950065885508
7568.877459702991
7568.036799593406
7566.5005121258
7565.269327657807
7553.406185291507
7550.23774460116
7546.9700542668115
7540.896763648207
7539.031370142984
7527.3093466390765
7525.313614727296
7522.089137998832
7521.042746853657
7518.202577744231
7510.181156270466
7506.153475649162
7502.415944214237
7502.415944214237
7501.893627611631
7501.704139727186
7501.227632861171
7501.227632861171
7499.490449357209
7499.490449357209
7496.749428919176
7493.92106977382
7493.510325608419
7492.473356642651
7492.473356642651
7490.832397003687
7478.264838851323
7475.454902546066
7475.454902546066
7474.261167500103
7471.679396226795
7469.898861430454
7459.023260454414
7458.571713136504
7458.571713136504
7456.550207703292
7454.411445580396
7449.3979622517145
7449.299161666149
7448.200655191829
7447.682189782268
7447.682189782268
7447.635060876708
7444.3963489325315
7439.852149068555
7436.38305898775
7431.390515912886
7426.111566627585
7419.664817227258
7419.519189273656
7411.383743944177
7411.383743944177
7407.899837335815
7407.899837335815
7407.20763850994
7406.40695614277
7405.236052956044
7396.380871750724
7390.29864078577
7390.29864078577
7387.460998204999
7357.628150430001
7352.208171699166
7348.306267433333
7344.147670083983
7342.486295526877
7336.786285561274
7335.201769549356
7333.553367911084
7331.6918920532935
7330.591040291362
7329.062150098061
7323.598364192291
7321.210623933722
7320.358256260413
7319.203508579331
7318.234896476062
7313.904565962014
7309.805058960191
7305.789621936838
7302.654448897332
7299.770544339048
7296.561518962202
7293.296922517278
7292.146528972111
7291.022219140468
7290.147460785687
7281.84488986136
7278.923340714614
7278.344454613288
7273.583985904061
7272.339719787573
7272.290216981168
7269.791812700003
7268.314591430396
7268.314591430396
7259.850273938162
7255.879340231617
7247.490945147845
7245.528897188941
7245.121393047876
7241.6462907269915
7240.765843472636
7239.474911897962
7238.734488845409
7236.365178734418
7235.177675772724
7229.676687100192
7229.019297249109
7223.73040748338
7223.30741419746
7223.079744817996
7221.410527036945
7221.410527036945
7220.833262165801
7212.7837899108
7210.231757717639
7203.647131835373
7203.284806253325
7200.711353748323
7200.481233917633
7199.924235712484
7196.956926368255
7190.748083475043
7186.42122339068
7183.15418183405
7179.357770720164
7178.017832243105
7171.575001350819
7171.207569161556
7167.04709067828
7167.04709067828
7162.659282696616
7162.58563648631
7161.410475597667
7160.874597421743
7158.368319666151
7152.822449914439
7150.506695332856
7143.617081003153
7142.37677527586
7140.341518442938
7138.808443991196
7138.121951886224
7136.914529402745
7131.650019455526
7130.266755178238
7125.8162339482205
7122.6894499198825
7122.6894499198825
7122.460600101625
7122.180564967445
7122.044158807217
7121.413904555752
7121.413904555752
7119.006250875188
7119.006250875188
7115.529846750697
7114.318871121816
7114.141199048554
7113.683223197389
7105.923233472199
7105.923233472199
7103.401016414602
7101.249819574016
7100.525403095182
7100.525403095182
7086.950613627839
7085.95603994267
7085.4595475522965
7085.383899267562
7083.03042489583
7079.392064294787
7079.093868568209
7078.637439507691
7076.687148659322
7076.687148659322
7074.924310549195
7074.124680835079
7072.00452488543
7071.6326969095335
7071.136966570511
7065.5935348702305
7063.842084871377
7057.403275993232
7053.25811239033
7049.987304953109
7043.8990623091695
7042.76941266715
7037.814433472937
7037.810028695006
7033.054599532126
7030.413145754665
7029.884565197354
7027.87115704322
7024.354917001276
7016.212796088785
7013.336509821841
7008.529232299741
7007.398161942848
7004.423816417736
7002.932599989807
7002.502195644069
6994.712074131429
6994.420991047079
6994.420991047079
6993.866169723296
6993.197909397388
6986.470496609858
6984.627191196392
6984.4405645692195
6984.425889076353
6979.12458693782
6976.765009658846
6976.765009658846
6974.653826535049
6972.898679889161
6972.25874448159
6971.434572596949
6970.033715843848
6966.437898955247
6965.4838310055675
6960.697450686964
6959.671041076583
6954.921494884036
6953.282462261978
6949.869063514794
6947.100690216027
6945.573050512103
6944.686889990074
6941.718015016168
6941.718015016168
6934.427229411237
6933.34334935174
6931.49514895596
6925.560266144537
6923.525835872933
6921.563768398006
6921.531116739995
6919.628313717435
6911.120097350356
6910.1468870060935
6906.7261419575625
6900.209634496621
6899.366710068396
6896.297557385412
6866.196909498009
6863.738412847622
6863.627685123954
6849.2035303384
6849.166372632511
6845.517438441012
6843.440435921102
6843.021847108191
6839.762568978546
6839.762568978546
6836.072629807264
6835.751677760099
6831.100131018429
6828.5363731915495
6825.824858579364
6824.382829238114
6823.230100179826
6818.230342251572
6816.524187590036
6816.155221237263
6809.432428624283
6806.814600090119
6806.56161361961
6806.50644604117
6803.481829181291
6798.0939240348835
6798.0939240348835
6797.904750730184
6797.618774247347
6796.75547596057
6796.75547596057
6794.548182182536
6794.284436200769
6793.6856712685785
6791.822288605614
6774.772173291143
6774.772173291143
6774.4520073582335
6773.492156930574
6773.046065102466
6772.801562130696
6769.807456641584
6769.376485319752
6763.697287726588
6761.515214802079
6759.6883064236035
6754.628043053148
6754.258656581046
6751.253809478651
6746.100058552349
6737.781534006575
6737.781534006575
6736.873829900631
6729.599170827339
6725.374710750324
6722.24969783182
6722.143482550785
6717.547915720438
6715.982802241233
6711.687194737252
6709.984575243076
6704.049224162961
6694.715079822292
6690.130118316086
6689.03655244909
6686.216568433901
6685.833755037587
6685.306649660882
6683.154419882874
6681.450441333827
6681.364231951436
6680.07574807352
6677.260665871896
6673.263744225909
6671.202365391115
6670.304940555567
6670.304940555567
6668.028794178981
6666.444329625801
6664.784842738736
6663.669859769465
6662.999024463384
6654.657992714577
6651.746387227944
6651.614916695043
6649.674052162256
6641.438473704323
6639.136238999769
6633.953647712652
6633.111637836348
6632.854966000689
6632.673669041769
6622.592392711483
6620.577391738579
6618.960039160231
6616.006348243629
6614.466342797429
6611.089168964521
6610.851836185712
6610.760924432225
6610.090770934995
6609.702338229763
6605.917498727939
6605.917498727939
6602.893380935361
6602.893380935361
6600.160301083603
6593.278774631026
6585.808985994052
6579.979103310283
6579.719218933282
6575.941073336956
6575.769232568917
6575.613735614342
6572.807619275039
6571.7258768150095
6567.900197171087
6563.514074030771
6561.475824843066
6557.884567450086
6556.956611111591
6556.645483782084
6556.645483782084
6552.79634965104
6550.493263869524
6546.68259502475
6543.775439301076
6543.00886442927
6541.565103245553
6538.007341690586
6529.929325804376
6528.792001588043
6527.074076490936
6520.738071721636
6517.104878701892
6513.472576130186
6513.162442316328
6510.177032923145
6510.177032923145
6507.222833129353
6492.0603817278225
6489.362757621121
6489.059793221203
6486.546847129064
6484.815880192745
6484.621808555993
6483.901063403111
6481.800367181945
6480.862365457239
6479.952237478298
6476.516733553616
6474.556355457878
6471.296083475087
6461.893530537314
6460.563829883581
6460.235444625838
6460.235444625838
6459.156136833975
6449.481219447034
6448.8362516038505
6444.348376678592
6443.201843804057
6441.3247084741815
6435.735622289032
6430.430545461167
6419.686674597133
6419.555280547088
6415.823719523472
6415.1802780592225
6404.488816447414
6403.071528571269
6403.071528571269
6401.562621735415
6395.683700746934
6389.9064938385445
6388.158811426028
6376.398513267502
6371.034531377145
6371.034531377145
6369.101742004126
6363.574624375831
6359.820830809623
6356.745472330947
6354.96184095546
6354.8186441471325
6346.587902172316
6345.582794353881
6345.421105017381
6345.111898146478
6344.509594917483
6338.66121511475
6336.371280157122
6335.844852898467
6334.971902068706
6334.170585009532
6330.600050548132
6328.073956584262
6327.412188248842
6324.728926997584
6316.842407405776
6306.380340575725
6306.159925025689
6305.761492476543
6302.232064911605
6301.787206816809
6301.544096489368
6301.544096489368
6301.131644395315
6298.796869244157
6296.271912806816
6295.847282137647
6289.355849369632
6289.17776819832
6289.013436144019
6283.564991308676
6282.562295751631
6281.851399070182
6277.562026774407
6276.830171352416
6276.830171352416
6276.631740033822
6273.304790937548
6271.769287848526
6268.910989956708
6267.534283911018
6264.18749719387
6262.3078812846625
6262.3078812846625
6259.717964892668
6258.391167065222
6257.023253912359
6253.0408602535135
6252.911321936366
6252.810967876768
6252.04046691958
6250.443264281342
6248.454288862166
6240.201038428169
6233.091207418675
6233.091207418675
6229.595572747881
6229.394192054312
6229.394192054312
6218.744648238903
6216.756469413934
6213.646433455962
6213.2794883217675
6210.1761649731
6206.5646697670045
6204.923287197031
6203.964619499373
6203.607418268825
6197.22421734118
6196.641993854413
6195.875160136782
6193.839277863125
6191.046599727707
6191.000726861531
6190.040791464948
6187.988445367363
6186.137567173882
6184.5135621162635
6183.531676962608
6179.109078176238
6179.029211777526
6179.029211777526
6178.587621778945
6178.587621778945
6173.123196567521
6172.929936424031
6172.520554846294
6172.068129889689
6171.579376464342
6167.051564564707
6166.932543817875
6164.836575287296
6160.307865683338
6160.307865683338
6159.560049224295
6157.912389763271
6156.527105438585
6154.644506387026
6154.644506387026
6153.638354664661
6151.297749255843
6151.195168420524
6145.798239447826
6144.845726297773
6140.984448767152
6132.6054006433515
6132.6054006433515
6132.458560805772
6132.458560805772
6132.355175623799
6132.0803158471435
6125.616132276002
6125.598093247711
6125.598093247711
6124.430422496446
6124.216929534747
6122.129449791143
6121.043701853468
6117.814724229559
6116.083714273374
6116.083714273374
6115.379056117454
6114.474711698463
6114.3409293234545
6112.029531996716
6110.8737509459315
6108.530756245727
6107.167264779965
6106.7982609547535
6102.741187368181
6102.240408243517
6102.237294632191
6101.220287778503
6099.020987010948
6097.619535523679
6097.035427156382
6091.065341957842
6089.888094209942
6088.001314060305
6087.943905786255
6085.354303571814
6079.893502356764
6078.268914748672
6076.823512329447
6074.604266946119
6074.399064928151
6074.399064928151
6071.475932588385
6070.532760804442
6068.848737610783
6068.066990401474
6064.1701823085405
6063.401355674882
6060.854725201719
6059.102986416388
6059.102986416388
6054.989099907612
6054.550189733338
6054.350171570852
6054.350171570852
6052.1487919581095
6047.0631714907695
6045.722206651576
6039.673666681007
6039.25326509826
6038.029893930636
6035.277955488049
6033.311611378945
6032.090516562231
6031.975629924245
6031.336336169622
6029.708616508761
6023.349234437598
6012.131735083655
6010.66385684643
6004.494483301654
6002.171940222972
6001.818807661558
5996.001334222667
5996.001334222667
5993.902318189712
5993.902318189712
5993.413051008582
5988.317710342363
5988.3027645569155
5986.436753194675
5973.922664380582
5966.244379842314
5966.244379842314
5965.7677628281845
5958.3172960157135
5958.3172960157135
5952.923735442946
5951.433104723601
5948.264704937063
5947.743437640867
5944.965264827037
5941.723992243329
5940.794727980424
5940.073063523714
5938.684787055127
5936.055676962607
5930.4896931029225
5924.462929245148
5920.986150971813
5915.16694608022
5914.868891192771
5912.724668035879
5910.822700775248
5909.938239948028
5905.000338696011
5903.863904257956
5899.1282406809905
5897.76237229002
5897.667420260318
5896.569256779742
5896.569256779742
5893.069573660233
5893.069573660233
5890.999405873336
5890.2486365178165
5889.517637294246
5889.517637294246
5886.00679578269
5885.157347089371
5880.614338655443
5880.172276387827
5878.930600032629
5874.626200874402
5873.862953797952
5873.084113138513
5870.766219157428
5870.766219157428
5869.232062203709
5868.820154000291
5868.1104284087905
5868.1104284087905
5867.364825882229
5864.279069075755
5860.072525148473
5852.239400434674
5850.921380432316
5848.9097274620335
5847.39942196529
5847.0342054754565
5846.627061819489
5846.151896760809
5842.6427239734585
5838.712871857975
5835.91158260644
5835.796603720866
5834.077904862087
5833.090775909458
5833.090775909458
5824.100273862049
5824.100273862049
5823.058732315861
5813.647478132812
5813.647478132812
5810.697892680362
5807.559298018403
5805.979848397685
5804.638576173369
5803.828477823927
5803.544434222935
5802.706696016954
5795.733775804406
5794.900603116502
5794.176386683443
5787.716993772242
5785.053327325514
5779.3585284181845
5778.3559080416635
5778.3559080416635
5777.10134929274
5776.46622079624
5774.67652773729
5774.291471687241
5773.273767976018
5773.215741681581
5771.801192002372
5770.425634214516
5767.687404844337
5767.248390697248
5766.625789835855
5766.437028183001
5765.753029743816
5761.427774432306
5752.421750880232
5752.421750880232
5752.366904153455
5751.934804915647
5750.768296497434
5747.8087998819165
5741.8436934489955
5741.8436934489955
5729.336785353083
5725.674458087886
5725.620490392286
5724.419621236724
5721.3726499853165
5719.576994848483
5719.11549105279
5717.4099030942325
5714.323932015055
5711.489560526221
5706.289249591191
5704.739959016537
5700.449543676358
5700.178418260257
5693.759566402501
5685.273959977654
5682.6713788499155
5681.233756852467
5678.704517757549
5678.348527521008
5678.118350298803
5678.118350298803
5676.104474020894
5675.097355993111
5674.9662554062825
5669.500859864121
5668.553342785089
5668.553342785089
5668.022582876677
5668.022582876677
5667.502448168858
5666.908239948834
5666.3520893075465
5666.3520893075465
5666.171370511132
5661.9382723586805
5659.891341713196
5659.891341713196
5658.341188016148
5654.844383358396
5651.669576328751
5650.526435651815
5645.971484164616
5642.955342726008
5641.68565235604
5641.68565235604
5637.816687335621
5635.856013064918
5630.253369076741
5628.339453160231
5628.18487613902
5628.18487613902
5626.182364623458
5625.9273013433085
5616.064903471113
5616.064903471113
5615.953080288332
5614.144369358522
5614.144369358522
5613.100836436131
5611.033772844359
5604.446895100355
5600.279457312822
5600.243298286245
5596.640599502526
5594.9574618579545
5591.204700241264
5588.690365371837
5587.6986318161435
5586.157534477523
5586.157534477523
5583.379800801661
5581.059755996167
5581.059755996167
5578.477390829867
5575.41191303387
5571.301912479704
5570.442801070665
5564.722544745605
5564.722544745605
5564.550745567875
5563.552282490028
5561.802675392215
5558.995772619368
5556.7530987079135
5555.285771227255
5554.478553383747
5553.925458628339
5550.558980859495
5550.5042113307145
5550.375212541941
5543.9430011499935
5542.469666132599
5537.015893060087
5537.015893060087
5536.611328240407
5536.611328240407
5536.118224893685
5536.118224893685
5532.69156920933
5530.433979354604
5525.803109051209
5525.2164663477215
5523.611137652613
5523.606883187832
5523.606883187832
5522.914629070415
5522.635783753985
5521.195884951013
5520.115669077959
5513.492268970729
5508.952895060912
5508.602182042192
5507.815265602143
5505.439946089686
5505.290637196187
5504.111281578525
5503.588011470335
5503.588011470335
5499.825815423612
5498.900344614367
5498.2493577501555
5498.048108192579
5498.038286516383
5497.733442065011
5495.612522731201
5493.803964467607
5490.757689062594
5489.095098465685
5487.740974207875
5487.347082151811
5482.705901286335
5479.725723063153
5479.499429692461
5477.3082805334225
5477.061712268724
5474.380421563705
5473.384510519976
5469.956672588915
5469.932357899867
5466.490830505435
5465.058920084943
5460.212450079209
5459.075562767015
5458.9495326482
5456.554315683113
5456.04563763904
5453.813344807466
5453.813344807466
5453.806468880244
5452.954153484146
5448.951917570937
5443.000091861105
5441.230835022532
5441.230835022532
5437.7041111116005
5437.360021186752
5435.98795068569
5435.2299859343575
5434.396102604226
5431.268452212614
5431.005892097706
5430.25690000022
5428.368815767772
5427.485789939942
5426.814166709599
5425.773032481178
5422.47489620745
5422.47489620745
5416.875944675123
5415.896693992602
5414.407631495804
5413.306290983358
5412.734798602274
5411.342254930841
5410.659571623408
5410.085396738206
5409.487683690573
5407.774865875983
5403.095594194128
5397.622069022617
5397.6065992252525
5395.83635778551
5395.4805161357035
5395.370608215899
5395.230856969885
5395.230856969885
5393.80107160062
5393.1491727932025
5385.986446325315
5385.583069640649
5384.865550782118
5383.170534174075
5379.62991292152
5377.523035747964
5374.357636034282
5374.357636034282
5364.543223798276
5362.578484274146
5361.070881829488
5358.597204492982
5358.271083101339
5357.103415092899
5355.846618416177
5355.534333752329
5352.05390481075
5352.03624800879
5350.793959778306
5348.825665508271
5345.778240817702
5345.205328142222
5340.416650412213
5339.530410064166
5337.128816133259
5333.037127191222
5331.787317588728
5330.09202547198
5328.679479946228
5328.419277797122
5324.94741758076
5324.2029450425725
5324.2029450425725
5323.688946585817
5322.408195544569
5322.049699129087
5321.576176284617
5321.302566101649
5320.059586132471
5317.3696504945
5314.5243437207055
5314.110367690908
5307.887056070428
5306.434207638874
5306.434207638874
5306.264976421739
5306.04004884999
5305.021394867319
5302.175402605991
5296.162573033423
5293.287919620469
5287.9727684624095
5287.303376958806
5282.791780867386
5279.204864371149
5278.804125936101
5278.555957835438
5278.460760486905
5276.73383827534
5276.73383827534
5275.122936956067
5274.752695624697
5274.602259886521
5268.654666990426
5257.282187594651
5255.004852519168
5254.987155074691
5252.399927652121
5248.806340493046
5248.088413889385
5247.965796382442
5245.562028991746
5244.972545209364
5243.649492481358
5243.649492481358
5243.64224561516
5242.84750874942
5242.382092140938
5241.583920915509
5241.184789720736
5241.184789720736
5240.85584613811
5240.342068987482
5238.904942829178
5237.658255365655
5237.63553523916
5237.052701663408
5235.529104111637
5235.529104111637
5233.496154579651
5230.506858804412
5230.439465283964
5228.4492920941675
5225.800704198353
5219.672403513462
5219.087372328614
5218.432331649036
5218.036508112989
5218.036508112989
5210.000095969289
5193.610016164094
5193.610016164094
5191.80450325318
5189.306793782769
5187.404938888037
5187.404938888037
5183.399753057833
5182.180429124404
5179.932045886317
5175.60788700226
5173.09665480938
5172.3945131824585
5168.870766424713
5166.963711891153
5165.635682082119
5165.635682082119
5165.1696003132365
5164.174764664728
5156.790959501849
5156.033456059027
5155.233554360074
5155.233554360074
5154.037737541315
5151.943516771123
5151.43552808341
5150.519391284727
5150.348434814872
5145.745135546455
5143.00738867834
5140.305049313708
5138.404129688516
5138.015570237209
5136.90227666441
5135.595389046922
5134.305016260721
5134.190588593298
5127.51889318801
5125.012097546697
5120.307900898149
5119.168877855076
5119.168877855076
5118.604985735859
5114.624130862404
5112.677576378154
5112.677576378154
5110.90637754205
5110.0
5109.579336892617
5109.579336892617
5108.689460125757
5108.679868615766
5105.538659142638
5103.469604102684
5103.415522961069
5102.923181863509
5099.054912432302
5096.149232508797
5095.86754144964
5094.311337168156
5093.33731457087
5093.33731457087
5092.831039804874
5091.0574540069765
5090.233982834188
5090.010019636504
5088.991255641928
5085.240800591453
5078.279728411975
5075.274967920457
5072.066639940765
5071.16564509581
5070.896764873053
5070.896764873053
5068.001578531719
5067.458929285959
5056.489790358525
5055.9291925421585
5052.2696879719315
5050.389390928189
5050.0131682996625
5048.495419429436
5048.495419429436
5042.7948599957945
5040.404051264144
5040.310803908823
5036.384516694491
5032.891912211109
5029.776336975631
5029.281061941159
5029.086298722662
5028.577731327219
5023.4908181462815
5023.471807425617
5023.423633340115
5018.154341986703
5016.850904701076
5016.472964145227
5016.472964145227
5015.540848203711
5013.3067929262015
5013.259418781358
5012.478528632318
5009.420126122383
5006.245399498511
5005.745898465083
5004.0575536258575
5003.883791616268
5002.651796797374
5002.439404930358
4999.028005522674
4997.269754575993
4997.177003068833
4990.961831150385
4986.889310983351
4984.667692033241
4984.245680140577
4979.689247332609
4979.198429466333
4979.1103623036915
4977.939834911627
4977.938629593579
4976.168003594734
4974.794468116245
4969.9032183735735
4968.838294812984
4966.347752624659
4965.916330346294
4965.658969361469
4962.157796765436
4961.721072369949
4961.562757841525
4961.562757841525
4961.537362552055
4961.379243718424
4959.951007822557
4957.459127415979
4957.420296888292
4957.138690817516
4956.337357363803
4956.15597010425
4945.915183259818
4943.580584960662
4942.806692558389
4936.616250023897
4932.83701332205
4931.9867193657365
4929.378054075382
4927.43381487768
4926.406601164788
4925.9542222801865
4922.514093428275
4922.075375286323
4921.553921273239
4920.849520154015
4918.633346774284
4916.676112985276
4915.752027920042
4913.638366831649
4911.899530731466
4907.7409263326035
4907.701906187865
4907.701906187865
4906.100386253832
4906.100386253832
4903.387604503646
4900.181629286816
4899.316687049328
4899.316687049328
4895.993974669495
4895.354736890882
4894.722157589744
4893.750504469961
4890.375241226383
4889.907974594205
4888.873285328635
4886.045947389362
4877.71268116522
4877.526012232021
4873.540807257081
4873.540807257081
4870.023100561229
4869.074860792346
4869.074860792346
4861.000411437958
4859.143648833609
4855.001647785508
4848.101690352627
4847.790630792547
4847.790630792547
4846.491204985314
4846.073565269104
4846.073565269104
4845.583762561535
4843.462604377162
4842.5654357995
4842.453303853326
4840.049793132298
4839.28011175216
4838.385061154187
4836.422024596282
4836.3739516294645
4831.5484060495555
4831.264223782426
4831.264223782426
4830.210968477464
4829.299120990539
4820.38712138351
4819.40349005974
4812.611037680066
4809.80768846323
4807.951434862877
4806.910234235709
4803.495081708735
4803.020403870881
4802.274877597075
4799.98020829253
4799.712074697814
4799.0700140756435
4797.04242215972
4795.899290018505
4793.746342892999
4793.1973671026735
4792.771327739307
4788.295103687741
4784.876278442317
4783.120843131605
4782.165409100777
4779.906798254543
4775.446052464628
4774.7478467454175
4773.248893573433
4771.000943198398
4770.214250953514
4768.039953691664
4757.712580642088
4756.573977139428
4756.573977139428
4755.6972149202265
4751.284984085884
4748.793215123185
4748.460066168821
4748.460066168821
4739.948522927227
4737.655221731527
4735.898014104611
4733.947718342483
4729.578945318494
4728.457359435527
4727.3529591093575
4725.5100253835035
4725.000952380857
4724.923279800424
4722.604048615552
4720.1391928628545
4718.683290919194
4718.683290919194
4717.818139776055
4716.871208756924
4716.670965840208
4715.7201995029345
4715.7201995029345
4710.803328520519
4709.028031345747
4703.577893476412
4702.775776070979
4700.215420595103
4699.14566703353
4697.073557013984
4690.663599108339
4689.74412948084
4688.772333991063
4688.042341958954
4687.564826218407
4683.4108297265575
4683.170827548361
4681.914245263362
4675.5056411045
4674.848981518013
4674.798177461782
4672.274820684245
4667.080993511898
4665.431705640969
4664.8389039708545
4664.8389039708545
4663.274064431555
4660.331747848
4658.333285629099
4656.764542039891
4656.764542039891
4655.81614757284
4654.908914253855
4654.529836621525
4652.621304168221
4649.522986285798
4648.907398518495
4648.060455716986
4647.787430595336
4645.671641431409
4645.09461690502
4645.09461690502
4641.882053650222
4635.803382370741
4633.548100538074
4633.285227568016
4633.285227568016
4631.179979227756
4629.0927836888295
4628.117651918542
4625.923907718327
4621.824098773124
4619.927488608452
4617.242142231659
4617.055338633056
4616.830622840738
4612.197415549339
4612.197415549339
4611.673123715514
4606.8879951655
4606.658224787248
4606.658224787248
4602.599808803716
4594.022638167992
4593.711353578934
4591.3523062383265
4589.7331077089875
4589.7331077089875
4589.294608107002
4589.294608107002
4583.538480257365
4578.030690154884
4577.217713851942
4572.862232781565
4572.862232781565
4569.663554354959
4567.04061729256
4567.017954858509
4557.559434609712
4555.47780150447
4555.002744236275
4552.423750047879
4550.710384104882
4543.6254247021725
4543.086175718
4541.5426894393495
4541.5426894393495
4538.777919220107
4538.777919220107
4536.205462718813
4535.9330903354385
4535.603708438382
4532.589215889743
4529.377551054891
4529.204124346793
4527.008835865024
4525.621504279827
4523.882071849353
4521.075646347891
4516.902146383071
4516.482923691841
4516.26748543529
4515.699835020038
4513.062042560461
4512.117906260873
4511.66598941012
4509.907870455892
4507.838728259919
4506.704450038853
4504.291398211266
4504.167514646852
4504.062610577255
4502.4722097976355
4502.451332329979
4502.451332329979
4502.415462837697
4502.415462837697
4500.483751776024
4491.880897797714
4491.880897797714
4486.645963300425
4484.799438101998
4481.36050770299
4481.086029078219
4481.004016958699
4481.004016958699
4478.724148683417
4473.114574879566
4472.757762275976
4471.721033338283
4471.205653959567
4466.989142588103
4466.399556689929
4464.436022612486
4463.527976836261
4462.992381799458
4461.147161885607
4461.147161885607
4460.597381517413
4454.894387075859
4454.088009907303
4453.807921318566
4452.7606043891465
4452.7606043891465
4452.48065689229
4451.240950566482
4445.945231331578
4440.920737865065
4440.356855028658
4439.806527316252
4438.405682224193
4438.405682224193
4438.026250485682
4436.748584267538
4434.147719686389
4433.789913832184
4432.752643674131
4432.211299114698
4432.211299114698
4428.835061277401
4428.27697869047
4426.692331752908
4421.472718450268
4420.876157505433
4416.967851365912
4415.599279826012
4413.434603571237
4411.915683691156
4404.485441002161
4403.691406081947
4401.994207174744
4397.673021041924
4394.560728901127
4393.042681331471
4393.042681331471
4389.096148411424
4389.07473164903
4387.843775705785
4386.266863746437
4385.135117644609
4384.786539844328
4382.670646991398
4380.658968694093
4379.421080462576
4375.895908268386
4373.422687095314
4367.7879985182435
4365.801759127411
4364.181939378788
4360.6322936014685
4356.9215049160575
4352.025850107051
4347.829918476573
4347.551609814425
4346.247231808149
4344.659365243724
4344.659365243724
4342.223969350268
4342.095807326227
4342.095807326227
4340.939299276137
4340.50285105309
4338.963009752445
4336.824298954248
4331.8661105809815
4329.820896988696
4327.810647429021
4327.161309680979
4326.636106723097
4320.270824844202
4319.717699109515
4319.039245017345
4317.949744959985
4313.829041582431
4311.233002286005
4306.400933494233
4306.085925756707
4305.476164142591
4301.62120601059
4301.62120601059
4301.39535499819
4300.642858922372
4300.042906762676
4298.656185367701
4296.338557423053
4295.70669389799
4295.095342364358
4295.095342364358
4294.521160734919
4293.06347495585
4291.233971714896
4287.3567614557105
4286.14535451144
4284.4243487311105
4282.882790831428
4280.716996018307
4277.077506896502
4275.312620148379
4274.652734433524
4274.246834238753
4273.817263290512
4273.678509200242
4271.285520777088
4268.097468427824
4267.742377416894
4267.742377416894
4267.725975270671
4264.182219371025
4264.016885520037
4259.200042261457
4259.10460073476
4257.935884909494
4255.382591495152
4255.382591495152
4252.758751681078
4252.232590063719
4251.857123657849
4249.882468963113
4249.450788043086
4245.930404516776
4244.259770560704
4242.534737630323
4239.660009953628
4239.660009953628
4239.31315191506
4236.94807615104
4236.553552122291
4234.049125836875
4230.602084810152
4230.252947519805
4230.118319858205
4226.205153562709
4222.16354491391
4217.852771256958
4216.497361554967
4216.497361554967
4215.911882380845
4209.021263904472
4205.2236563588385
4205.199876343573
4202.84308534116
4193.280935019737
4188.729759724301
4186.6533173884845
4185.057825168011
4174.051389238039
4168.3240037214
4155.377840822661
4154.859444072687
4154.5884272693
4152.850226049574
4149.973011960439
4149.669022946288
4149.510935038008
4149.061219119332
4146.733654335663
4144.240340520805
4143.791741871206
4140.461930751206
4139.658440016519
4135.773809095464
4135.746728222123
4134.237172683735
4134.237172683735
4130.8410765847675
4130.765788567539
4130.08292894949
4130.08292894949
4127.600029072584
4127.015022991799
4124.966424105777
4124.938787424609
4123.295041589918
4122.349451465754
4122.349451465754
4118.452379231791
4117.563599994541
4115.595339680518
4114.692212061554
4114.411379529276
4097.782449081454
4096.099730231187
4090.593722187526
4090.593722187526
4089.522710537258
4086.6006655899228
4086.4259445143502
4082.266037386589
4070.5097960820585
4070.34064913491
4066.9168912088676
4066.2037578065365
4065.3425439930643
4065.3425439930643
4063.9724408514385
4059.987807863467
4058.6629571818353
4058.3904444989025
4057.6358880510707
4055.4571875437177
4055.386664672063
4050.8908896685925
4047.172963934208
4047.172963934208
4045.8424339066887
4045.7693953066578
4044.99196538139
4044.99196538139
4042.6884619025495
4039.796653298282
4039.796653298282
4034.151831550221
4034.151831550221
4032.5508056315916
4029.3294727535003
4029.3294727535003
4011.2304845271606
4008.901221033015
4008.901221033015
4008.594017857134
4007.122159355764
4006.798722172103
4006.4164786002966
4005.698565793487
4000.4849706004397
3999.529972384255
3999.529972384255
3998.1295626830306
3997.6435558963985
3996.8433794683524
3996.7156516319747
3996.040290087176
3995.6796668401735
3990.7756138374907
3989.6592586334987
3984.395562692038
3984.204437525765
3983.547288535684
3978.756589689799
3978.3354559413415
3976.7289321752874
3974.226213994367
3969.2141539604536
3968.969891546168
3962.5503151379667
3955.869689461472
3951.7602407028694
3950.937610238866
3950.201640422929
3946.4192630788734
3939.3694926980384
3938.715526666022
3933.600005084401
3932.892701307779
3932.614651856955
3932.614651856955
3925.94701951007
3924.6444424941224
3923.909275199925
3923.4362490041813
3918.8072164882005
3915.9009180519365
3914.9480200891558
3913.0863777841655
3909.742702531715
3909.1708839599223
3909.1708839599223
3904.0637802167116
3901.769470381355
3901.362966964238
3893.462469319564
3891.756030380116
3890.5142333629883
3889.140007765213
3885.69440383569
3883.659356843749
3881.320007420156
3881.026281797123
3874.7090213330857
3870.390807140798
3870.390807140798
3868.4887230028216
3867.0444786684316
3865.3202972069466
3860.916601015878
3860.7424156501297
3860.7424156501297
3856.59551936679
3855.9570796366497
3853.000129769009
3852.3805627170327
3848.252850320519
3845.8874138487204
3843.424774859006
3842.7257253153
3840.8129347834683
3840.0928374194286
3838.4987951020644
3833.646958184856
3832.9159917744087
3832.525277150824
3832.525277150824
3831.6483398140804
3828.4389769199665
3827.128688716908
3826.813948965902
3825.070064717769
3823.6686571929845
3822.3376355314294
3822.3376355314294
3819.941360806472
3819.3356752189247
3818.5182990264693
3816.983101875092
3815.178632777239
3815.119657363318
3815.119657363318
3812.121325456471
3812.0158709008547
3811.359862306366
3808.814119906615
3808.7144812915553
3807.377181210183
3804.230539806966
3802.5524322486335
3802.5524322486335
3795.7146889617507
3792.2142608244067
3792.0080432404147
3789.223799144094
3784.175735876969
3781.6993534653175
3781.287214692901
3780.0679888065506
3773.470551097491
3772.344098832979
3771.959835417127
3771.1119049956606
3764.5028888287493
3764.0734583692706
3763.0340152594954
3762.4771095649207
3762.335976491201
3760.396255715613
3759.969414769221
3759.6357536335886
3757.0766561250784
3754.7022518436797
3754.404480074037
3751.258455505299
3751.258455505299
3746.922470508297
3746.072076188604
3745.4751367483404
3745.4751367483404
3743.4208953843277
3741.576405741302
3740.9780806628632
3738.3325159755386
3738.3325159755386
3733.3290773785266
3728.589143362406
3726.760657729444
3724.834627201589
3723.0150416027063
3721.0048374061544
3720.307110978877
3719.0467864763414
3717.8301467388205
3714.1261421766494
3714.094371445077
3713.971593860136
3713.971593860136
3712.535117679023
3711.8724385409582
3711.759151669192
3710.361842192753
3710.2874551710947
3709.4312232470356
3708.4068007703795
3707.144048995129
3706.713503900726
3702.6655263472016
3699.2941218562223
3695.447063617608
3694.1333219037992
3690.853830755155
3690.1121934163466
3688.7842170558038
3688.681336195904
3688.0591101553673
3684.7648500277464
3683.4953508861663
3682.3075645578547
3681.196816254192
3681.196816254192
3679.0762427544228
3678.07694318648
3677.1252358330144
3675.00666666062
3672.7560496172355
3668.36475830853
3666.6597878723355
3665.8942974395754
3665.4147105068478
3661.429365698593
3660.3640529324402
3659.2639970354694
3657.177190129021
3648.922306654391
3648.922306654391
3648.6123389584704
3647.8477216024244
3647.4004441519714
3646.0721331317623
3644.5033955259255
3642.5293409937003
3640.7935948086924
3640.4944719090017
3638.7550068670466
3637.796723292823
3637.796723292823
3633.900521478264
3633.304831692491
3633.2603815306165
3633.2603815306165
3631.9715031921714
3630.296131171671
3630.190215401942
3628.5448874169933
3627.5198138673204
3626.4302006242997
3623.272001934163
3622.5295029854483
3616.092919160126
3613.9928057482352
3610.488194136632
3608.790656161701
3607.3432051857776
3605.9352462294714
3605.5331089867973
3604.304371165121
3604.258869726202
3600.910995845357
3600.704653258859
3595.84106990284
3593.857259268932
3593.857259268932
3593.359570095929
3593.359570095929
3592.1838761399727
3591.9412578715705
3586.37156468763
3584.3353637738755
3582.3037280498706
3581.7071348729783
3579.511698542135
3573.2009459306933
3572.186025391175
3571.202178538762
3570.365247422174
3570.365247422174
3566.4573458826058
3565.8272532471337
3565.361412255425
3565.077558763624
3557.9367616639843
3555.177210773044
3554.274046834318
3553.486456988404
3551.4349212677403
3549.609837714562
3548.118656414974
3547.742521660781
3546.6988876982496
3544.29978980334
3544.2044241268027
3540.427234106076
3540.146889607831
3539.0450689416207
3539.0450689416207
3538.8310216793343
3535.1748188738843
3534.813290684531
3533.6305692587616
3531.935588314147
3531.935588314147
3531.409350386896
3528.173748556043
3524.477975530561
3524.477975530561
3523.769714382596
3520.080964977936
3520.080964977936
3517.7096241730924
3517.1796940162158
3512.01551818895
3510.2561160120495
3508.3298020568136
3503.7205938830225
3501.023421801117
3500.5285315220613
3499.857139941572
3499.857139941572
3493.739114473203
3492.39201694197
3491.678392979514
3490.6311750169193
3489.5867950231586
3485.4308198557032
3484.9160678558674
3484.2057918555843
3483.1487191907268
3479.588768805877
3479.425239892359
3478.440023918768
3477.5175053477446
3476.412087195648
3475.109350797468
3472.882664300653
3472.882664300653
3469.0638506663436
3466.7633319856145
3463.274317751916
3463.0463467877526
3462.441335243097
3462.441335243097
3459.6151520075177
3458.4519658367385
3456.3521232652206
3452.6460866993016
3452.5464515339977
3452.5464515339977
3450.6638491745325
3450.6638491745325
3450.646316271779
3447.966647170474
3446.9975340867304
3445.74055900905
3445.5433533769387
3442.8454801225107
3442.657694282137
3441.128012730709
3437.504472724363
3436.9940354908967
3435.181800138095
3432.812986458773
3432.633100114255
3430.513809912445
3427.490189628557
3423.3937839518258
3422.5342949340916
3422.2174098090263
3421.5126771648825
3416.1470987063776
3415.737841228451
3405.132156025666
3405.132156025666
3404.130579164084
3391.439222513062
3388.8204437532536
3388.009445087189
3388.009445087189
3386.5960786606956
3386.340207362515
3385.312393265945
3385.3030883511747
3385.3030883511747
3383.886818438229
3383.1281382767634
3379.3995028702952
3375.6143144618877
3372.292988457557
3371.710693401793
3370.6564642514372
3368.1389520030198
3361.5906948943084
3360.1680017522935
3358.4535131515518
3358.418228869061
3354.9630400348674
3354.387723564466
3351.487580164963
3347.0703607782134
3343.4977194548824
3343.37030554499
3340.3628545414044
3340.059879702758
3340.059879702758
3339.056902779586
3337.629248433684
3333.7648387371296
3332.846381098295
3325.7952432463426
3325.7952432463426
3322.094670535444
3321.0543506543218
3318.9097607497556
3318.501619707304
3313.5215405969525
3307.0006047776887
3302.2640718149723
3300.8751869769326
3300.121512914335
3299.8584818140307
3299.8584818140307
3299.736050050064
3299.205510422168
3299.066837758823
3296.702140018112
3291.859353010089
3291.0463381727095
3291.0463381727095
3290.0439206794795
3289.490082064392
3281.4973716277755
3279.367774434578
3279.367774434578
3277.637258758205
3272.9602808466834
3272.452597059276
3269.5047025505255
3269.149430662355
3265.1923373669733
3261.21587755242
3257.2617334196525
3255.7986731369
3255.7986731369
3252.0112238428696
3244.3550977043187
3243.7761944992444
3239.4598315151247
3238.846245192877
3238.824014978276
3237.423821497581
3237.3515409976717
3236.6786989134403
3236.6786989134403
3236.5038235725906
3232.6436549672467
3226.4117840102185
3225.547550416828
3224.448635038245
3222.388244765053
3222.0071384154317
3222.0071384154317
3218.4196432410736
3217.951211563034
3213.1977841396565
3211.7861074486264
3211.741272269608
3211.741272269608
3211.4210250292626
3210.6488440812086
3208.521466345519
3208.521466345519
3206.5652963880216
3201.723598313883
3201.089814422582
3200.6711796121763
3200.327795710933
3195.475707934579
3188.800401404892
3188.800401404892
3183.2444141158876
3183.1533107910464
3177.319782458165
3177.020616867319
3174.325912693906
3172.984084422738
3171.9900693413274
3171.9900693413274
3164.31872604515
3154.2068733676933
3152.37592935868
3149.6229933120567
3146.3815725369354
3142.8479123241073
3139.1390539445683
3135.0625193128126
3135.0625193128126
3133.1902272284715
3131.256936120062
3131.0972517633495
3130.8992318501723
3128.8649699212015
3128.3530810955467
3125.0078399901654
3124.256871641639
3123.6472272009205
3123.6472272009205
3120.3390841381324
3119.546441391761
3116.5758453790277
3115.4229247407166
3113.5537573647257
3110.8469907727704
3095.543409484028
3091.511119177804
3088.1826370860904
3084.9805509921775
3084.5604224913473
3084.4448447005825
3081.650531776762
3081.5648622088097
3081.5648622088097
3077.5496746600206
3071.2036728292705
3070.989742737673
3070.989742737673
3067.8608182249727
3061.4357742732413
3059.89820092107
3057.7784419411423
3056.2108893203035
3053.1441171356455
3052.658677284442
3052.1680818722944
3044.5533334136226
3044.2084357021286
3043.023660769006
3038.80716729443
3036.7965028957738
3033.514793107164
3030.921312076577
3029.9216161478503
3029.226303860443
3029.1903208613353
3028.877184700628
3027.7894576737003
3027.0860575807883
3024.0611766298643
3020.643143438165
3017.642291591235
3010.1217583347025
3009.382660945597
3004.9267877936727
2995.7586685178762
2993.657629055133
2991.4481442939973
2990.816109358782
2990.5379114801403
2986.7795365577285
2982.9656384209325
2980.478149559228
2980.4056770849165
2980.4056770849165
2979.6120552850502
2976.823138851215
2972.930204360674
2970.036531761857
2970.036531761857
2968.9056906543865
2967.542080577797
2962.970300222397
2960.0907080696024
2959.003210542361
2959.003210542361
2957.4489006574568
2956.5303989642994
2954.5498811155653
2954.1403148801173
2952.9497117289347
2942.668856667362
2939.224727713075
2939.224727713075
2938.4575885998424
2934.165809902365
2932.111355320599
2932.000170532055
2931.8651060374523
2929.1927215531587
2929.1927215531587
2928.922156698604
2928.922156698604
2928.17093080305
2927.349142142085
2923.457199960348
2923.1040008867285
2922.520829694803
2916.268334704473
2913.840935946916
2913.840935946916
2912.6663042648743
2912.298233354544
2908.0371386899446
2902.5850547399987
2902.447243275922
2901.313495642965
2900.1965450637995
2897.4671697881236
2897.2002001932833
2892.85222574538
2892.486992192013
2881.0001735508454
2878.656804831031
2878.656804831031
2878.116224199433
2876.958984761514
2871.323039993933
2871.323039993933
2869.970383122446
2869.1686949358696
2868.0768818147117
2867.2272320135353
2867.2272320135353
2865.6707766245586
2861.3110631317245
2856.792082038873
2853.236758490259
2853.196453103081
2852.3944327529457
2849.6403281817866
2845.0070298682917
2844.1153281820343
2842.5938858725494
2841.831099836864
2839.9133789607035
2839.5747921123684
2833.979004862245
2822.3752408211067
2818.9803120986853
2816.0548645223516
2813.360446156873
2812.601820379131
2807.0904866070846
2804.081489543412
2802.009635957735
2800.803456153252
2797.353213307179
2797.2171885643775
2795.0828252486544
2792.30102245442
2791.4922532581027
2788.9474717176013
2788.0889512352364
2783.2917561764884
2782.1721729612636
2774.473643774617
2773.9295232575755
2770.1691284107546
2768.9674971006793
2767.442863005486
2763.3510453795043
2763.3510453795043
2760.5225954518105
2759.7699179460596
2756.2706688567437
2749.840177173939
2749.840177173939
2746.472646869071
2746.118169343774
2743.2221929694283
2743.2221929694283
2736.182925171488
2735.263424242718
2729.4045138088272
2728.237526316211
2726.5833931864254
2723.5390579171067
2722.4299807341235
2722.4299807341235
2716.827745735824
2715.5570330965247
2713.1398784434245
2713.1398784434245
2710.4162042018565
2709.7772971224035
2709.5150857671933
2706.444346370344
2697.67029119572
2693.9227902818598
2693.1010007053205
2692.814512735699
2691.4198854879555
2691.1770658951446
2689.573943954693
2689.573943954693
2685.324747586407
2684.1983905814413
2684.125369650233
2682.1513752955852
2680.6217562349225
2678.241960689885
2677.539915668859
2670.476549232365
2669.6585924046544
2669.558765039646
2669.4615561944324
2667.8195216318513
2667.764045038466
2666.213982410264
2666.213982410264
2665.0917432613833
2663.609956431309
2661.9077745106047
2659.998872180212
2656.835147313435
2656.0798180777624
2656.0798180777624
2654.3551005846975
2645.7159711503423
2645.0899795659125
2644.856139755053
2644.4163817371877
2642.80400332677
2638.731892405896
2638.731892405896
2636.546415294068
2630.488357700904
2625.68562474642
2615.5420088387036
2614.337392151212
2614.337392151212
2612.2344841150843
2607.001726121408
2606.393101586942
2597.280115813464
2591.2147730359984
2587.7310524859417
2587.7310524859417
2585.2431220293383
2582.594431961782
2579.797278857391
2578.143712053306
2578.1365363378254
2576.452017795014
2571.0248929172194
2570.606154197877
2570.308347261083
2569.4279518990215
2564.6685945751356
2544.0900141307893
2544.0900141307893
2543.2548043796164
2541.584151666043
2534.0580103857133
2532.212471338059
2510.853440565578
2510.440001274677
2509.5182804673886
2508.02312589019
2507.949361530252
2506.6523492498914
2505.0950081783326
2503.7102468137164
2502.149675778809
2496.9425303758994
2494.2263329537677
2491.4449622658735
2491.0048173377745
2491.0048173377745
2489.3575476415594
2487.630599586683
2484.463724830773
2476.7262666673523
2462.4899999796953
2461.525136983167
2459.849792162115
2456.900689893672
2453.826603490964
2451.267631247147
2446.227503728956
2446.092802818405
2444.540856684543
2442.7699441412815
2441.603571425959
2438.937473573277
2438.5702778472473
2436.910544111129
2434.2499871623704
2432.1005324616003
2429.778796516259
2428.7340323715976
2427.631973755495
2423.269279300177
2423.2558676293347
2418.876805461576
2414.0343825223367
2413.0416490396515
2411.318726340423
2411.318726340423
2410.733705741885
2410.1867147588378
2409.698113872358
2409.6775717925416
2409.6775717925416
2408.900579102425
2407.4436649691306
2405.079832354843
2400.5886778038425
2399.8520787748566
2399.6020503408477
2399.6020503408477
2396.494523256834
2393.490547296981
2392.8802728093187
2389.377324743834
2388.346708499417
2385.8820172003475
2383.6845428873344
2381.7012826968876
2368.4478039424894
2367.8524024947164
2367.8524024947164
2366.8122020980036
2364.1651803543677
2364.1651803543677
2363.7946188279557
2359.562035632884
2359.352665457201
2355.2154890795023
2355.2154890795023
2350.245093601942
2347.1842705676095
2340.2722063896754
2337.41224434202
2336.6660009509274
2332.6785033518872
2328.5886283326217
2325.1900997552866
2323.9477188611622
2322.015073163824
2319.7810241486154
2316.8465637585928
2314.5841959194313
2313.918970059237
2304.913447398839
2304.8455479706226
2304.8455479706226
2301.8829249116907
2301.8829249116907
2300.2108598995874
2294.9901960574907
2291.6642424229603
2284.2154014015405
2284.2154014015405
2283.199509460354
2282.3505427519235
2281.6759191436454
2278.7639193211744
2278.7639193211744
2278.236598775465
2275.7910712541257
2275.026373473503
2273.1695933211845
2272.382230171676
2270.829143727022
2270.6695047936855
2269.02666357185
2267.7164725776456
2267.051830020655
2264.6664213521603
2262.003536690427
2261.122729972878
2259.598415648232
2257.5429121059915
2256.5752812614073
2252.7594190237005
2251.0628600729924
2250.569705652327
2250.569705652327
2247.500389321435
2245.905162735061
2228.2571664868487
2227.1706266022816
2222.2025110236914
2215.0893887154984
2214.0770085974877
2213.6533152235015
2205.6937684093864
2205.6937684093864
2191.235724425832
2191.0002282062865
2190.7763464123855
2181.2519340965637
2179.532518683766
2171.6399333222807
2165.907661928366
2165.804469475488
2161.033317651535
2157.7951710021043
2156.612389837358
2156.377054227762
2153.3046695718654
2153.3046695718654
2152.65789200235
2146.475483204968
2144.1597421834035
2139.0673201187474
2134.119959140067
2131.414553764706
2128.391411371508
2119.534382830342
2118.3484132691674
2117.513872445704
2116.3376384688713
2109.066144055231
2109.066144055231
2106.0192306814292
2099.3115538194897
2098.813474323052
2094.474635797722
2088.6399881262446
2085.2184537836797
2083.2131431997063
2082.2228507054665
2079.9790864333227
2078.287997367064
2074.4406474999473
2074.302051293398
2074.1632047647554
2074.1632047647554
2072.132476459939
2069.1336351236478
2068.064070574217
2059.6703619754303
2057.375512637399
2048.781345092736
2044.9400969221567
2043.9305271950905
2042.598590031825
2039.7031646786254
2038.122910915826
2038.122910915826
2036.405902564614
2035.4579337338319
2033.2540421698416
2030.0199506408799
2026.3960619780132
2026.2956348963494
2024.8456731316587
2021.7697692863053
2020.0460390793078
2018.8199523484009
2017.1450121396824
2012.2825348345098
2011.0942295178513
2010.6048841082625
2007.892676414753
2007.892676414753
2007.4414063678173
2007.1835989764365
2005.8339911368537
2001.6395779460397
1997.712942341817
1995.1363361935946
1993.8510475960836
1993.7143727224318
1992.5486192311594
1991.9618470241844
1989.6695705568802
1987.155756351273
1986.8190657430284
1986.1482824804395
1982.0143793625716
1981.735855254176
1977.6071399547484
1975.3290865068534
1971.6551422599237
1969.4192037247935
1969.1972983934343
1968.2319477134802
1964.7200818437216
1964.0269855579886
1961.946227601562
1960.587922027472
1959.2429660458142
1959.2429660458142
1955.7497283650584
1955.4551899749583
1948.2712850114071
1941.731186338624
1940.9384328205776
1939.2568164118954
1937.0154878059184
1935.1932720015332
1929.6160239799005
1926.3678257279942
1924.4804493680886
1921.5537983621484
1921.5537983621484
1915.3699381581616
1915.3699381581616
1912.7459319000002
1907.8283465762847
1906.6328959713246
1903.3793631328465
1899.531784414254
1896.9346325058225
1895.4392630733385
1894.785475984023
1892.8203823923707
1890.2624156449813
1889.4835273163935
1887.2628327819102
1881.215830254466
1876.9896110527623
1876.3797590040242
1875.712664562459
1873.380367143843
1862.649993960218
1862.649993960218
1861.131376340746
1859.2697491219503
1858.264243857692
1856.1586677867817
1854.2502527976098
1851.888225568703
1843.3591619649167
1841.3758443077286
1840.609953249194
1836.9967338022134
1836.1181879171068
1834.5748826363017
1833.1331102786835
1831.207252060782
1826.4602377276105
1824.698605249645
1824.698605249645
1823.3425350163914
1816.1456439393842
1815.6871977298292
1814.942698819993
1813.4996553625258
1812.1412748458658
1812.1294103898872
1810.5659336240699
1809.6753852555987
1809.3015226876917
1807.7062814517185
1804.2430545799532
1804.2430545799532
1800.7076386798608
1796.729528894096
1796.729528894096
1795.4021833561414
1793.2317195499304
1789.6373934403584
1786.422402456933
1785.6161401600289
1784.4892826800615
1783.3861051382003
1781.9113333721182
1774.2378645491704
1772.6942770822045
1772.2736808969432
1764.1371828743931
1764.0844650979725
1763.2858531729903
1756.2257827511814
1754.2001026108737
1751.1624710460192
1751.1459105397244
1746.7240766646573
1739.6105886088415
1739.5657504101418
1739.5657504101418
1738.1052902514277
1735.2377358736755
1733.7649783058832
1731.9898960444314
1729.5875230817317
1728.8204070984355
1727.402963989584
1725.4926832646959
1723.2254640644096
1722.0638780254349
1721.7897664929944
1721.778150633815
1719.1931246954193
1719.1931246954193
1715.8196292151456
1713.740061969726
1713.016345514543
1712.1974185239271
1712.1974185239271
1709.891809442925
1708.065865240565
1705.4788183967576
1705.4788183967576
1702.1545170753448
1699.8520523857362
1696.8470761974986
1696.8470761974986
1687.0011855360387
1684.630820090859
1684.0694760015099
1683.1723025287697
1681.5498803187493
1679.7431351251298
1678.619671039274
1678.16715496401
1675.7604244043955
1673.0131499782062
1670.6465814169076
1669.9173632248992
1669.234854656468
1666.2826891017023
1666.2304762547108
1664.8633577564256
1664.613168276642
1664.613168276642
1661.908541406536
1660.5697817315597
1659.0937285156617
1657.613947817766
1656.1545821571126
1655.510193263696
1652.9210507462237
1645.309089502638
1645.309089502638
1644.0030413597171
1639.882007950572
1637.2660138169363
1636.4916742837404
1632.6864365211097
1632.3752632284036
1624.3721864154163
1622.7760165839277
1622.7760165839277
1622.5390596222946
1619.0027794911286
1619.0027794911286
1618.3281496655738
1610.6511105760924
1606.8515799537927
1601.3235150961843
1598.7219895904352
1598.7219895904352
1593.5626752657079
1590.568766196545
1590.568766196545
1584.5056011261051
1584.5056011261051
1578.3957045050522
1572.2318531310832
1567.4980063783175
1565.0702859616242
1559.2100564067691
1559.1731783224081
1558.066108995379
1558.066108995379
1558.0067393949232
1556.1812233798478
1551.7825234226605
1549.2181899267773
1544.6336135148686
1539.1195535110326
1530.4643086331678
1526.659425019215
1524.2729414379828
1524.1581282793463
1518.772201483817
1518.5970499115294
1518.0451244939986
1518.0451244939986
1516.8299179538885
1515.9980211068878
1512.4526438867433
1510.8252711680461
1509.9658936545554
1508.722969931856
1508.722969931856
1506.8009158478767
1503.0635382444748
1500.576555861113
1499.4975825255603
1499.1627663466031
1494.5902448497382
1492.7591902245988
1490.0271809601327
1483.989892148865
1483.989892148865
1482.9221152845487
1479.0030425932193
1473.5240072696474
1472.601100094659
1471.631067897114
1468.8938014710254
1468.5782239976188
1467.8368437942959
1466.09174337761
1454.2011552739189
1452.0003443525763
1450.1534401572821
1446.2226661202624
1446.04183895211
1444.7705700214135
1436.7212673305842
1431.5264580160579
1425.2540124483073
1421.383129209011
1419.4763118840694
1414.7862029296157
1414.4712793125211
1413.9596882514013
1408.8026831320276
1401.39823033997
1398.401945078739
1390.3830407481241
1389.8938808412677
1389.8938808412677
1383.6491607340351
1377.5492731659365
1374.755614645745
1374.677052983718
1373.67317801579
1373.4209114470334
1370.9040812544108
1370.636348562229
1361.590246733576
1361.4793424800832
1356.806913307859
1350.3869815723194
1350.2903391493253
1349.290554328459
1346.6142729081703
1341.1972263615817
1341.1972263615817
1339.3763474094949
1337.2064163770679
1333.993253356253
1332.9561133060608
1332.1985587741792
1331.0540935664485
1330.666750166998
1326.0471334006193
1321.5778448506164
1320.0553018718572
1318.8589765399483
1302.4315720988952
1300.8170509337583
1297.6178173869223
1297.445567258989
1295.2003705990824
1294.0560266078128
1292.7559707848964
1291.1967317182923
1285.2941297617444
1281.974258711929
1281.974258711929
1280.2284952304412
1272.4818269822167
1268.3548399403062
1268.3548399403062
1264.4702448061007
1263.8484877547626
1261.2093402762287
1251.5989773086267
1250.5458808056585
1227.86969992748
1220.6166474368601
1213.001648803496
1210.8662188697808
1209.960743164835
1209.6234951421868
1200.660235037373
1199.693294138131
1197.3904960371115
1195.4020244252558
1193.8793908934017
1192.665082913053
1192.665082913053
1184.0709438205129
1182.0693719067422
1180.2135400002833
1179.505404820173
1179.505404820173
1173.360984522666
1169.0551740615153
1169.0551740615153
1143.332847424581
1134.3513565029136
1132.698106293111
1130.1769772916098
1130.1769772916098
1128.285424881488
1126.2348778119065
1124.0040035515888
1123.5274807498035
1123.3806122592646
1119.4020725369414
1119.4020725369414
1118.7729885906256
1117.599659985632
1113.2052820571776
1109.1483219119073
1107.3608264698548
1106.2987842350726
1105.4627990122508
1103.7073887584518
1095.7577286973612
1095.7577286973612
1089.000459136726
1087.2980272216078
1087.1917954068638
1081.7324068363673
1081.2885831266324
1078.3811941980443
1074.7325248637449
1071.8045530785919
1069.8121330401893
1069.1346968460055
1068.868560675259
1064.048871058092
1058.4824041995219
1046.539535803593
1038.8402187054562
1036.851484061242
1036.1684226031982
1033.8167148967946
1033.3092470311103
1033.3092470311103
1033.2032713846777
1033.2032713846777
1032.4001162340112
1031.8032758234488
1025.6924490313847
1025.6924490313847
1022.0689800595652
1013.5704218257358
1009.1620286158214
1005.3979311695444
1002.2225301798
994.6883934177578
990.4039579888603
985.586120032136
983.7611498732809
982.9435385616002
981.9949083371054
981.9949083371054
974.3100122650901
965.8535085612103
965.6712691180162
961.1477513889319
959.8270677575206
959.2940112395156
959.2523130021632
956.4319108018093
955.7222399839819
951.8865478616661
951.2796644520474
951.2796644520474
946.4443987894904
946.3043907749768
944.0730903907811
937.5569316046892
937.5569316046892
935.0834187386706
930.9935552945574
927.2135676315355
919.5879512042336
918.6783985704682
918.0288666485385
912.4297233211992
911.6007898197544
909.2991806880725
907.0534714116914
900.7602344686404
892.464565122896
875.937212361708
874.7553943817666
873.9633859607621
869.7453650350774
868.7882365686129
867.6802406416779
860.0145347608958
856.4934325492519
856.4934325492519
855.7365248719958
851.5550481325326
836.4239355733431
830.4721548613174
828.0603842715819
823.383871593317
822.2949592451604
820.1249904740131
819.2856644663082
818.826599470242
805.47191136625
801.0
796.4201152658062
792.0631287971938
790.6111560052767
781.1997183819257
780.0314096239971
779.9775637798821
779.9775637798821
779.6364537398184
777.4117313238847
767.237251441821
762.7745407392672
762.7640526401333
760.2085240248231
757.2502888741608
754.5336307945458
749.1628661379314
732.2738558763381
721.1414563038239
713.2699348773926
700.668966060293
693.4962148418692
675.4502202235187
675.4502202235187
675.4035830523851
669.2660158711183
667.5866984894171
653.3704921405619
650.1692087449236
650.1692087449236
633.5929292534759
631.0071314969427
629.3623757423063
625.6596518875099
623.8204869992649
623.0
621.9236287519553
617.2795152927075
615.2332890863432
607.4742792909013
602.3968791419823
594.1927296761548
592.7242191778568
592.7242191778568
585.3768017268877
584.1523773811076
583.4192317707739
578.9991364414976
574.6555490030528
570.2017186926045
569.4672949344853
568.6976349520015
561.7704157393837
554.4366510251645
553.8321045226613
553.8321045226613
529.365658123003
516.4426396028895
516.0048449384948
506.4424942676118
506.4424942676118
504.76232030530963
495.9616920690549
495.16158978660695
492.25399947588033
479.0093944798995
477.48612545287637
473.6253793875493
473.25785783228156
467.3692330481329
464.2337773148352
464.06896039274164
463.9709042601702
458.8125979089938
458.66109492739844
456.05372490530107
453.84248368789804
442.9221150495875
437.1921774231556
430.17438324474875
430.17438324474875
425.9319194425325
422.2001894836145
417.56676112928335
412.9818397944394
400.4996878900157
375.2132726863483
366.28404278646923
358.1312608527773
353.92230785865985
330.9531688925187
330.9531688925187
328.58636612008115
325.40743691563046
311.96954979612997
298.04194335697116
285.21220170252184
263.60007587252323
257.1536505671269
